[gd_scene load_steps=12 format=3 uid="uid://bk7djqbkngynx"]

[ext_resource type="PackedScene" uid="uid://d48fy4uvwp3n" path="res://05_export_vrm_color_texture/female_doll_2022_03_05_03.glb" id="1_3cj5j"]
[ext_resource type="PackedScene" uid="uid://bs5gn273fx8pa" path="res://05_export_vrm_color_texture/three-vrm-girl.vrm" id="1_lob4k"]
[ext_resource type="PackedScene" uid="uid://obj2fk1kynfy" path="res://05_export_vrm_color_texture/SK_female_doll.vrm" id="2_j0i1k"]
[ext_resource type="RetargetRichProfile" uid="uid://b2pjclia5lmhq" path="res://profiles/gd_humanoid.tres" id="2_og74m"]
[ext_resource type="RetargetBoneMap" uid="uid://cce134pih6sq6" path="res://models/mixamo_map.tres" id="4_c57ry"]
[ext_resource type="RetargetBoneMap" uid="uid://c0bu03vcbuadc" path="res://models/three_girl_vrm_map.tres" id="4_kr0sw"]
[ext_resource type="PackedScene" uid="uid://dkf4ias5bedbr" path="res://text/ANIM_wave_hip_hop_dance.svg" id="4_xyp4j"]
[ext_resource type="PackedScene" uid="uid://bs7esjhiwaba2" path="res://text/Mixamo.svg" id="6_7qcml"]
[ext_resource type="PackedScene" uid="uid://krcnssh1qy20" path="res://05_export_vrm_color_texture/wave_hip_hop_dance1.glb" id="6_bif58"]
[ext_resource type="PackedScene" uid="uid://c6sxp1px0a05w" path="res://text/VRM.svg" id="7_1bhhg"]
[ext_resource type="PackedScene" uid="uid://yma6e5nmqpis" path="res://05_export_vrm_color_texture/xbot.glb" id="7_2t60k"]

[node name="Node3D" type="Node3D"]

[node name="VRM2" parent="." instance=ExtResource( "7_1bhhg" )]
transform = Transform3D(1, 0, 0, 0, 1, 0, 0, 0, 1, 5.20617, 2, 0)

[node name="SkeletonRetarget4" type="SkeletonRetarget" parent="."]
retarget_profile = ExtResource( "2_og74m" )
source_skeleton = NodePath("../wave_hip_hop_dance1/RootNode/Armature/Skeleton3D")
source_map = ExtResource( "4_c57ry" )
target_skeleton = NodePath("../three-vrm-girl/Root/Skeleton3D")
target_map = ExtResource( "4_kr0sw" )
retarget_position = true

[node name="three-vrm-girl" parent="." instance=ExtResource( "1_lob4k" )]
transform = Transform3D(1, 0, 0, 0, 1, 0, 0, 0, 1, 5.21251, 0, 0)

[node name="Skeleton3D" parent="three-vrm-girl/Root" index="0"]
bones/0/rest = Transform3D(-1, 0, 0, 0, 1, 0, 0, 0, -1, 0.000217693, 0.893992, -0.00574204)
bones/0/rotation = Quaternion(0, 1, 0, 0)

[node name="SkeletonRetarget2" type="SkeletonRetarget" parent="."]
retarget_profile = ExtResource( "2_og74m" )
source_skeleton = NodePath("../wave_hip_hop_dance1/RootNode/Armature/Skeleton3D")
source_map = ExtResource( "4_c57ry" )
target_skeleton = NodePath("../skelman/Armature/Skeleton3D")
retarget_position = true

[node name="ANIM_wave_hip_hop_dance" parent="." instance=ExtResource( "4_xyp4j" )]
transform = Transform3D(1, 0, 0, 0, 1, 0, 0, 0, 1, -3.35, 2, 0)

[node name="skelman" parent="." instance=ExtResource( "1_3cj5j" )]
transform = Transform3D(1, 0, 0, 0, 1, 0, 0, 0, 1, -1, 0, 0)

[node name="Skeleton3D" parent="skelman/Armature" index="0"]
bones/0/rotation = Quaternion(0.860365, 5.94293e-05, 5.94292e-05, 0.509679)
bones/1/rotation = Quaternion(0.00186708, -0.870321, -0.492481, 0.0011831)
bones/2/rotation = Quaternion(-0.111732, -0.00217174, -0.00272035, 0.993732)
bones/3/rotation = Quaternion(0.549113, 0.0363004, -0.0110053, 0.834887)
bones/4/rotation = Quaternion(0.270947, -0.0639027, 0.0175605, 0.96031)
bones/6/rotation = Quaternion(0.00126413, 0.870419, 0.492307, 0.00166276)
bones/7/rotation = Quaternion(-0.112157, 0.00219676, 0.00271962, 0.993684)
bones/11/rotation = Quaternion(-0.812217, -0.000152917, -0.000103021, 0.583356)
bones/12/rotation = Quaternion(-0.0726572, -4.53545e-07, 5.41364e-07, 0.997357)
bones/14/rotation = Quaternion(0.54932, -0.445128, 0.546341, 0.449022)
bones/15/rotation = Quaternion(-0.100732, -0.0113494, 0.00453808, 0.994838)
bones/16/rotation = Quaternion(-0.000161413, 0.0106501, -0.00363115, 0.999937)
bones/17/rotation = Quaternion(-0.0206756, 0.0294982, -0.0119449, 0.99928)
bones/18/rotation = Quaternion(0.0201605, 0.0136153, 0.0136765, 0.99961)
bones/19/rotation = Quaternion(-2.30931e-05, 0.000569524, -0.000394217, 1)
bones/20/rotation = Quaternion(3.47423e-05, 0.000533249, -0.00219746, 0.999997)
bones/22/rotation = Quaternion(0.0201482, 0.0127083, 0.0125388, 0.999638)
bones/23/rotation = Quaternion(-4.96559e-06, 1.51281e-05, -0.000742642, 1)
bones/24/rotation = Quaternion(2.63701e-05, 5.26247e-05, -5.87292e-05, 1)
bones/26/rotation = Quaternion(0.0202186, 0.00834452, 0.0134515, 0.99967)
bones/27/rotation = Quaternion(-1.85514e-05, 0.000201349, -0.0014596, 0.999999)
bones/28/rotation = Quaternion(2.93783e-05, -6.50106e-05, 0.000726395, 1)
bones/30/rotation = Quaternion(0.0201499, 0.0117071, 0.0118496, 0.999658)
bones/31/rotation = Quaternion(2.02764e-05, -5.89289e-05, 0.000260917, 1)
bones/32/rotation = Quaternion(-2.14019e-05, -0.000411414, -0.000234631, 1)
bones/34/rotation = Quaternion(0.148057, -0.015769, -0.341154, 0.92814)
bones/35/rotation = Quaternion(0.0118145, -0.00567076, 0.13941, 0.990148)
bones/36/rotation = Quaternion(-0.127639, 0.0133087, 0.0627797, 0.989742)
bones/38/rotation = Quaternion(0.549109, 0.445283, -0.546637, 0.448766)
bones/39/rotation = Quaternion(-0.100767, 0.0112214, -0.00406358, 0.994838)
bones/40/rotation = Quaternion(-0.000159945, -0.0105049, 0.00363371, 0.999938)
bones/41/rotation = Quaternion(-0.0297401, -0.0380015, 0.0131945, 0.998748)
bones/42/rotation = Quaternion(0.0290181, -0.0140035, -0.0154523, 0.999361)
bones/43/rotation = Quaternion(2.37779e-05, 0.00067156, 0.00178154, 0.999998)
bones/44/rotation = Quaternion(-3.04261e-05, -0.000628837, -0.00123341, 0.999999)
bones/46/rotation = Quaternion(0.028987, -0.0158886, -0.0145574, 0.999348)
bones/47/rotation = Quaternion(-1.40369e-05, 3.53159e-05, -0.000221508, 1)
bones/48/rotation = Quaternion(2.01136e-05, 0.00012089, -0.000272515, 1)
bones/50/rotation = Quaternion(0.0290578, -0.00953959, -0.012987, 0.999448)
bones/51/rotation = Quaternion(3.78259e-05, -3.03433e-05, -0.000289006, 1)
bones/52/rotation = Quaternion(-5.18748e-05, -0.000475371, -0.000623927, 1)
bones/54/rotation = Quaternion(0.149524, 0.0206832, 0.323242, 0.9342)
bones/55/rotation = Quaternion(0.0167892, 0.00664716, -0.122057, 0.992359)
bones/56/rotation = Quaternion(-0.130885, -0.0144521, -0.00835736, 0.991257)
bones/58/rotation = Quaternion(0.0288897, -0.0206856, -0.0142948, 0.999266)
bones/59/rotation = Quaternion(3.35788e-05, -3.36991e-05, -0.00016587, 1)
bones/60/rotation = Quaternion(-2.63123e-05, -8.69205e-06, -0.00183114, 0.999998)
bones/62/rotation = Quaternion(0.0570215, 1.24184e-06, 1.07216e-06, 0.998373)
bones/63/rotation = Quaternion(-3.33786e-06, 5.68435e-13, -1.98952e-13, 1)

[node name="Mixamo" parent="." instance=ExtResource( "6_7qcml" )]
transform = Transform3D(1, 0, 0, 0, 1, 0, 0, 0, 1, 3.08452, 2, 0)

[node name="Mixamo2" parent="." instance=ExtResource( "6_7qcml" )]
transform = Transform3D(1, 0, 0, 0, 1, 0, 0, 0, 1, 0.948569, 2, 0)

[node name="VRM" parent="." instance=ExtResource( "7_1bhhg" )]
transform = Transform3D(1, 0, 0, 0, 1, 0, 0, 0, 1, -1.04753, 2, 0)

[node name="SK_female_doll" parent="." instance=ExtResource( "2_j0i1k" )]

[node name="Skeleton3D" parent="SK_female_doll" index="0"]
transform = Transform3D(1, 0, 0, 0, 1, 0, 0, 0, 1, 0.97173, 0, 0)
bones/0/rest = Transform3D(-1, 0, 0, 0, 1, 0, 0, 0, -1, 1.8e-05, 0.955229, 0.00214899)
bones/0/rotation = Quaternion(0, 1, 0, 0)

[node name="SkeletonRetarget" type="SkeletonRetarget" parent="."]
retarget_profile = ExtResource( "2_og74m" )
source_skeleton = NodePath("../wave_hip_hop_dance1/RootNode/Armature/Skeleton3D")
source_map = ExtResource( "4_c57ry" )
target_skeleton = NodePath("../SK_female_doll/Skeleton3D")
target_map = ExtResource( "4_kr0sw" )
retarget_position = true

[node name="wave_hip_hop_dance1" parent="." instance=ExtResource( "6_bif58" )]
transform = Transform3D(1, 0, 0, 0, 1, 0, 0, 0, 1, -3.32818, 0, 0)

[node name="Skeleton3D" parent="wave_hip_hop_dance1/RootNode/Armature" index="0"]
bones/0/position = Vector3(-0.259779, 0.905405, -0.0351146)
bones/0/rotation = Quaternion(-0.0637986, -0.515372, -0.0739673, 0.851382)
bones/1/rotation = Quaternion(0.125878, 0.13862, 0.0547499, 0.980786)
bones/2/rotation = Quaternion(-9.67184e-05, 0.0200638, -0.0249146, 0.999488)
bones/3/rotation = Quaternion(0.000857377, 0.0194376, -0.0253919, 0.999488)
bones/4/rotation = Quaternion(0.0779158, -0.0145961, 0.000860985, 0.996853)
bones/6/rotation = Quaternion(0.0636046, -0.0892653, 0.0381738, 0.993242)
bones/7/rotation = Quaternion(-0.00330978, 0.0647675, 0.0136058, 0.997802)
bones/8/rotation = Quaternion(0.231284, -0.0910522, 0.0685957, 0.966184)
bones/9/rotation = Quaternion(2.43882e-07, -0.222667, -2.67019e-07, 0.974895)
bones/10/rotation = Quaternion(0.124554, -0.106066, -0.137802, 0.976856)
bones/14/rotation = Quaternion(0.00159016, -0.0190234, -0.0503226, 0.998551)
bones/15/rotation = Quaternion(1.67799e-08, 0.00114151, -0.0644315, 0.997921)
bones/16/rotation = Quaternion(-2.4288e-08, 0.0012312, -0.0694814, 0.997582)
bones/17/rotation = Quaternion(0.000830382, -0.0197439, -0.0122558, 0.99973)
bones/18/rotation = Quaternion(1.58347e-08, 0.00026974, -0.0152212, 0.999884)
bones/19/rotation = Quaternion(-2.88752e-08, 0.000311803, -0.0175977, 0.999845)
bones/20/rotation = Quaternion(0.00216801, -0.0184548, -0.0793153, 0.996676)
bones/21/rotation = Quaternion(3.75419e-08, 0.00221726, -0.12514, 0.992137)
bones/22/rotation = Quaternion(-1.22404e-08, 0.00239083, -0.134934, 0.990852)
bones/23/rotation = Quaternion(0.00915055, 0.0183141, -0.15338, 0.987955)
bones/24/rotation = Quaternion(0.0062642, -0.0319774, -0.17637, 0.983784)
bones/25/rotation = Quaternion(7.68185e-08, 0.00330777, -0.186683, 0.982415)
bones/26/rotation = Quaternion(0.028653, 0.292229, 0.0489719, 0.954664)
bones/27/rotation = Quaternion(0.257707, 0.196015, 0.495962, 0.805722)
bones/28/rotation = Quaternion(-4.01038e-07, 0.56561, 4.03685e-07, 0.824673)
bones/29/rotation = Quaternion(-0.150932, -0.309976, -0.126316, 0.93015)
bones/33/rotation = Quaternion(0.000905507, 0.0179249, 0.025087, 0.999524)
bones/34/rotation = Quaternion(9.32006e-08, -0.00242666, 0.0608641, 0.998143)
bones/35/rotation = Quaternion(3.80857e-08, 0.000280276, -0.00702965, 0.999975)
bones/36/rotation = Quaternion(0.00105725, 0.0175976, 0.0330995, 0.999297)
bones/37/rotation = Quaternion(1.53231e-08, -0.00331664, 0.0831869, 0.996528)
bones/38/rotation = Quaternion(2.7917e-09, -0.00183762, 0.0460906, 0.998936)
bones/39/rotation = Quaternion(0.00150652, 0.016621, 0.0568295, 0.998244)
bones/40/rotation = Quaternion(-1.49955e-07, -0.00513465, 0.128786, 0.991659)
bones/41/rotation = Quaternion(5.79835e-09, -0.00386051, 0.0968284, 0.995294)
bones/42/rotation = Quaternion(0.0023834, 0.0146815, 0.103202, 0.994549)
bones/43/rotation = Quaternion(5.81727e-08, -0.00723529, 0.181474, 0.983369)
bones/44/rotation = Quaternion(3.73151e-08, -0.00546171, 0.136989, 0.990557)
bones/45/rotation = Quaternion(-0.270974, 0.0345222, 0.0215168, 0.961727)
bones/46/rotation = Quaternion(0.592862, -0.0912351, -0.0110277, 0.800043)
bones/47/rotation = Quaternion(0.218005, -0.0339283, 0.108519, 0.969302)
bones/48/rotation = Quaternion(-0.137859, 3.25436e-07, -4.71885e-07, 0.990452)
bones/49/rotation = Quaternion(-0.136899, -0.034609, 0.0603944, 0.988136)
bones/50/rotation = Quaternion(0.463338, 0.00209251, 0.0431191, 0.885129)
bones/51/rotation = Quaternion(-0.0956648, 0.00157057, -0.0478566, 0.994261)
bones/52/rotation = Quaternion(-0.0529105, -0.00078372, -0.0243664, 0.998302)

[node name="BoneAttachment3D" parent="wave_hip_hop_dance1/RootNode/Armature/Skeleton3D" index="0"]
transform = Transform3D(0.583851, -0.254031, -0.771094, -0.0404684, 0.939499, -0.340152, 0.810851, 0.229803, 0.538247, -0.25674, 1.51658, -0.0180553)
bone_idx = 6

[node name="BoneAttachment3D2" parent="wave_hip_hop_dance1/RootNode/Armature/Skeleton3D" index="1"]
transform = Transform3D(0.583851, -0.254031, -0.771094, -0.0404684, 0.939499, -0.340152, 0.810851, 0.229803, 0.538247, -0.25674, 1.51658, -0.0180553)
bone_idx = 6

[node name="BoneAttachment3D3" parent="wave_hip_hop_dance1/RootNode/Armature/Skeleton3D" index="2"]
transform = Transform3D(0.377428, -0.570559, -0.72939, -0.210136, 0.714329, -0.667515, 0.901881, 0.40521, 0.149713, 0.215373, 1.24389, 0.575409)
bone_idx = 13

[node name="BoneAttachment3D4" parent="wave_hip_hop_dance1/RootNode/Armature/Skeleton3D" index="3"]
transform = Transform3D(0.377428, -0.570559, -0.72939, -0.210136, 0.714329, -0.667515, 0.901881, 0.40521, 0.149713, 0.215373, 1.24389, 0.575409)
bone_idx = 13

[node name="BoneAttachment3D5" parent="wave_hip_hop_dance1/RootNode/Armature/Skeleton3D" index="4"]
transform = Transform3D(0.454293, -0.386314, -0.802732, -0.711398, 0.385057, -0.587913, 0.536217, 0.838147, -0.0998947, 0.26881, 1.24058, 0.657534)
bone_idx = 16

[node name="BoneAttachment3D6" parent="wave_hip_hop_dance1/RootNode/Armature/Skeleton3D" index="5"]
transform = Transform3D(0.454293, -0.386314, -0.802732, -0.711398, 0.385057, -0.587913, 0.536217, 0.838147, -0.0998947, 0.26881, 1.24058, 0.657534)
bone_idx = 16

[node name="BoneAttachment3D7" parent="wave_hip_hop_dance1/RootNode/Armature/Skeleton3D" index="6"]
transform = Transform3D(0.326631, -0.495797, -0.804671, -0.580942, 0.56624, -0.584703, 0.745531, 0.65845, -0.103078, 0.243344, 1.23624, 0.658268)
bone_idx = 19

[node name="BoneAttachment3D8" parent="wave_hip_hop_dance1/RootNode/Armature/Skeleton3D" index="7"]
transform = Transform3D(0.326631, -0.495797, -0.804671, -0.580942, 0.56624, -0.584703, 0.745531, 0.65845, -0.103078, 0.243344, 1.23624, 0.658268)
bone_idx = 19

[node name="BoneAttachment3D9" parent="wave_hip_hop_dance1/RootNode/Armature/Skeleton3D" index="8"]
transform = Transform3D(0.555237, -0.227678, -0.799921, -0.792005, 0.148816, -0.592099, 0.253849, 0.962297, -0.0976945, 0.291456, 1.251, 0.646202)
bone_idx = 22

[node name="BoneAttachment3D10" parent="wave_hip_hop_dance1/RootNode/Armature/Skeleton3D" index="9"]
transform = Transform3D(0.555237, -0.227678, -0.799921, -0.792005, 0.148816, -0.592099, 0.253849, 0.962297, -0.0976945, 0.291456, 1.251, 0.646202)
bone_idx = 22

[node name="BoneAttachment3D11" parent="wave_hip_hop_dance1/RootNode/Armature/Skeleton3D" index="10"]
transform = Transform3D(0.604783, -0.0175278, -0.796197, -0.79018, -0.137815, -0.597178, -0.0992601, 0.990302, -0.0971983, 0.305402, 1.27747, 0.615501)
bone_idx = 25

[node name="BoneAttachment3D12" parent="wave_hip_hop_dance1/RootNode/Armature/Skeleton3D" index="11"]
transform = Transform3D(0.604783, -0.0175278, -0.796197, -0.79018, -0.137815, -0.597178, -0.0992601, 0.990302, -0.0971983, 0.305402, 1.27747, 0.615501)
bone_idx = 25

[node name="BoneAttachment3D13" parent="wave_hip_hop_dance1/RootNode/Armature/Skeleton3D" index="12"]
transform = Transform3D(0.326503, -0.933203, 0.150094, 0.944004, 0.329925, -0.00222566, -0.0474426, 0.142416, 0.988669, -0.372536, 0.865534, 0.13158)
bone_idx = 32

[node name="BoneAttachment3D14" parent="wave_hip_hop_dance1/RootNode/Armature/Skeleton3D" index="13"]
transform = Transform3D(0.326503, -0.933203, 0.150094, 0.944004, 0.329925, -0.00222566, -0.0474426, 0.142416, 0.988669, -0.372536, 0.865534, 0.13158)
bone_idx = 32

[node name="BoneAttachment3D15" parent="wave_hip_hop_dance1/RootNode/Armature/Skeleton3D" index="14"]
transform = Transform3D(-0.0109793, -0.965269, 0.261026, 0.913228, 0.0966493, 0.395818, -0.407299, 0.242723, 0.88045, -0.416864, 0.801194, 0.161119)
bone_idx = 35

[node name="BoneAttachment3D16" parent="wave_hip_hop_dance1/RootNode/Armature/Skeleton3D" index="15"]
transform = Transform3D(-0.0109793, -0.965269, 0.261026, 0.913228, 0.0966493, 0.395818, -0.407299, 0.242723, 0.88045, -0.416864, 0.801194, 0.161119)
bone_idx = 35

[node name="BoneAttachment3D17" parent="wave_hip_hop_dance1/RootNode/Armature/Skeleton3D" index="16"]
transform = Transform3D(-0.169614, -0.950147, 0.261629, 0.919189, -0.0567805, 0.389701, -0.355418, 0.306585, 0.882996, -0.420242, 0.784451, 0.143478)
bone_idx = 38

[node name="BoneAttachment3D18" parent="wave_hip_hop_dance1/RootNode/Armature/Skeleton3D" index="17"]
transform = Transform3D(-0.169614, -0.950147, 0.261629, 0.919189, -0.0567805, 0.389701, -0.355418, 0.306585, 0.882996, -0.420242, 0.784451, 0.143478)
bone_idx = 38

[node name="BoneAttachment3D19" parent="wave_hip_hop_dance1/RootNode/Armature/Skeleton3D" index="18"]
transform = Transform3D(-0.388978, -0.882512, 0.264326, 0.882741, -0.274963, 0.381002, -0.263559, 0.381533, 0.885984, -0.418092, 0.782867, 0.116496)
bone_idx = 41

[node name="BoneAttachment3D20" parent="wave_hip_hop_dance1/RootNode/Armature/Skeleton3D" index="19"]
transform = Transform3D(-0.388978, -0.882512, 0.264326, 0.882741, -0.274963, 0.381002, -0.263559, 0.381533, 0.885984, -0.418092, 0.782867, 0.116496)
bone_idx = 41

[node name="BoneAttachment3D21" parent="wave_hip_hop_dance1/RootNode/Armature/Skeleton3D" index="20"]
transform = Transform3D(-0.61524, -0.740667, 0.269981, 0.776205, -0.509286, 0.37166, -0.137778, 0.438221, 0.888244, -0.410144, 0.800766, 0.0830058)
bone_idx = 44

[node name="BoneAttachment3D22" parent="wave_hip_hop_dance1/RootNode/Armature/Skeleton3D" index="21"]
transform = Transform3D(-0.61524, -0.740667, 0.269981, 0.776205, -0.509286, 0.37166, -0.137778, 0.438221, 0.888244, -0.410144, 0.800766, 0.0830058)
bone_idx = 44

[node name="BoneAttachment3D23" parent="wave_hip_hop_dance1/RootNode/Armature/Skeleton3D" index="22"]
transform = Transform3D(0.173619, -0.642018, -0.746773, 0.055747, 0.763481, -0.64342, 0.983234, 0.0700798, 0.168345, -0.21555, 0.0765323, 0.081156)
bone_idx = 48

[node name="BoneAttachment3D24" parent="wave_hip_hop_dance1/RootNode/Armature/Skeleton3D" index="23"]
transform = Transform3D(0.173619, -0.642018, -0.746773, 0.055747, 0.763481, -0.64342, 0.983234, 0.0700798, 0.168345, -0.21555, 0.0765323, 0.081156)
bone_idx = 48

[node name="BoneAttachment3D25" parent="wave_hip_hop_dance1/RootNode/Armature/Skeleton3D" index="24"]
transform = Transform3D(0.482096, -0.187137, -0.855899, 0.0283784, 0.979744, -0.19823, 0.875659, 0.0712768, 0.477641, -0.283263, 0.0230846, -0.0276068)
bone_idx = 52

[node name="BoneAttachment3D26" parent="wave_hip_hop_dance1/RootNode/Armature/Skeleton3D" index="25"]
transform = Transform3D(0.482096, -0.187137, -0.855899, 0.0283784, 0.979744, -0.19823, 0.875659, 0.0712768, 0.477641, -0.283263, 0.0230846, -0.0276068)
bone_idx = 52

[node name="SkeletonRetarget3" type="SkeletonRetarget" parent="."]
retarget_profile = ExtResource( "2_og74m" )
source_skeleton = NodePath("../wave_hip_hop_dance1/RootNode/Armature/Skeleton3D")
source_map = ExtResource( "4_c57ry" )
target_skeleton = NodePath("../xbot/RootNode/Skeleton3D")
target_map = ExtResource( "4_kr0sw" )
retarget_position = true

[node name="xbot" parent="." instance=ExtResource( "7_2t60k" )]
transform = Transform3D(1, 0, 0, 0, 1, 0, 0, 0, 1, 3.10823, 0, 0)

[node name="BoneAttachment3D" parent="xbot/RootNode/Skeleton3D" index="0"]
transform = Transform3D(1, 0, 0, 0, 1, 0, 0, 0, 1, 1.0041e-07, 1.59646, -0.00997784)
bone_idx = 5

[node name="BoneAttachment3D2" parent="xbot/RootNode/Skeleton3D" index="1"]
transform = Transform3D(1, 0, 0, 0, 1, 0, 0, 0, 1, 1.0041e-07, 1.59646, -0.00997784)
bone_idx = 5

[node name="BoneAttachment3D3" parent="xbot/RootNode/Skeleton3D" index="2"]
transform = Transform3D(1, 0, 0, 0, 1, 0, 0, 0, 1, 1.0041e-07, 1.59646, -0.00997784)
bone_idx = 5

[node name="BoneAttachment3D4" parent="xbot/RootNode/Skeleton3D" index="3"]
transform = Transform3D(1, -2.42144e-08, -1.49012e-08, 2.42144e-08, 1, 2.98023e-08, 1.49012e-08, -2.98023e-08, 1, 0.796817, 1.38807, 0.0105191)
bone_idx = 12

[node name="BoneAttachment3D5" parent="xbot/RootNode/Skeleton3D" index="4"]
transform = Transform3D(0.993839, -0.10423, -0.0376878, 0.104049, 0.994549, -0.00674089, 0.038185, 0.00277799, 0.999267, 0.869806, 1.43714, -0.0260043)
bone_idx = 15

[node name="BoneAttachment3D6" parent="xbot/RootNode/Skeleton3D" index="5"]
transform = Transform3D(0.995261, -0.0914412, -0.0330948, 0.0913018, 0.995807, -0.00570047, 0.0334773, 0.00265183, 0.999436, 0.875002, 1.44149, -0.0489063)
bone_idx = 18

[node name="BoneAttachment3D7" parent="xbot/RootNode/Skeleton3D" index="6"]
transform = Transform3D(0.989229, -0.137695, -0.0496679, 0.137378, 0.990471, -0.00975011, 0.0505371, 0.00282182, 0.998718, 0.864882, 1.44368, -0.0665871)
bone_idx = 21

[node name="BoneAttachment3D8" parent="xbot/RootNode/Skeleton3D" index="7"]
transform = Transform3D(0.984973, -0.162496, -0.0585082, 0.162054, 0.986706, -0.0122495, 0.0597209, 0.00258396, 0.998212, 0.850755, 1.43969, -0.0858286)
bone_idx = 24

[node name="BoneAttachment3D9" parent="xbot/RootNode/Skeleton3D" index="8"]
transform = Transform3D(1, 0, 0, 0, 1, 0, 0, 0, 1, -0.851241, 1.43289, -0.0883262)
bone_idx = 31

[node name="BoneAttachment3D10" parent="xbot/RootNode/Skeleton3D" index="9"]
transform = Transform3D(1, 0, 0, 0, 1, 0, 0, 0, 1, -0.865285, 1.43734, -0.0689173)
bone_idx = 34

[node name="BoneAttachment3D11" parent="xbot/RootNode/Skeleton3D" index="10"]
transform = Transform3D(1, 0, 0, 0, 1, 0, 0, 0, 1, -0.875148, 1.43778, -0.0502668)
bone_idx = 37

[node name="BoneAttachment3D12" parent="xbot/RootNode/Skeleton3D" index="11"]
transform = Transform3D(1, 0, 0, 0, 1, 0, 0, 0, 1, -0.870009, 1.43261, -0.0276648)
bone_idx = 40

[node name="BoneAttachment3D13" parent="xbot/RootNode/Skeleton3D" index="12"]
transform = Transform3D(1, -4.88944e-08, 5.96046e-08, 4.88944e-08, 1, 2.98023e-08, -5.96047e-08, -2.98023e-08, 1, -0.796803, 1.38809, 0.0105212)
bone_idx = 43

[node name="BoneAttachment3D14" parent="xbot/RootNode/Skeleton3D" index="13"]
transform = Transform3D(1, 0, 0, 0, 1, 0, 0, 0, 1, 0.0820778, -0.00287257, 0.0848953)
bone_idx = 47

[node name="BoneAttachment3D15" parent="xbot/RootNode/Skeleton3D" index="14"]
transform = Transform3D(1, 0, 0, 0, 1, 0, 0, 0, 1, -0.082078, -0.00287125, 0.0848944)
bone_idx = 51

[editable path="three-vrm-girl"]
[editable path="skelman"]
[editable path="SK_female_doll"]
[editable path="wave_hip_hop_dance1"]
[editable path="xbot"]
