[gd_scene load_steps=19 format=3 uid="uid://cn3etaaux58m"]

[ext_resource type="PackedScene" uid="uid://d48fy4uvwp3n" path="res://art/SK_female_doll/female_doll_2022_03_05_03.glb" id="1_3cj5j"]
[ext_resource type="PackedScene" uid="uid://b8hrdk0ys06qq" path="res://ANIM_hip_hop/wave_hip_hop_dance.tscn" id="1_3opiw"]
[ext_resource type="PackedScene" uid="uid://dy3caiksoimde" path="res://text/Animation Retargeting.svg" id="1_74755"]
[ext_resource type="PackedScene" uid="uid://bb452kv4mivyt" path="res://text/ANIM_wave_hip_hop_dance.gltf.glb" id="1_ykigl"]
[ext_resource type="PackedScene" uid="uid://c3y4lao76hnq1" path="res://ANIM_play_violin/xbotPlaying The Violin2.tscn" id="2_1gu8y"]
[ext_resource type="PackedScene" path="res://art/SK_female_doll/SK_female_doll.vrm" id="2_j0i1k"]
[ext_resource type="RetargetBoneMap" uid="uid://be7mocsvdcbr0" path="res://models/violin_vrm_map.tres" id="2_mk8hq"]
[ext_resource type="RetargetRichProfile" uid="uid://b2pjclia5lmhq" path="res://profiles/gd_humanoid.tres" id="2_og74m"]
[ext_resource type="RetargetBoneMap" uid="uid://cce134pih6sq6" path="res://models/mixamo_map.tres" id="4_c57ry"]
[ext_resource type="RetargetBoneMap" uid="uid://c0bu03vcbuadc" path="res://models/three_girl_vrm_map.tres" id="4_kr0sw"]
[ext_resource type="PackedScene" uid="uid://bs7esjhiwaba2" path="res://text/Mixamo.svg" id="6_7qcml"]
[ext_resource type="RetargetBoneMap" uid="uid://b41gxip8w12xa" path="res://models/female_doll_map.tres" id="6_j7qga"]
[ext_resource type="PackedScene" path="res://art/SK_three_girl/three-vrm-girl.vrm" id="6_sj4ok"]
[ext_resource type="PackedScene" uid="uid://baftw5t4666kr" path="res://text/VRM.gltf.glb" id="7_1bhhg"]
[ext_resource type="PackedScene" uid="uid://yma6e5nmqpis" path="res://art/xbox/xbot.glb" id="7_2t60k"]

[sub_resource type="ProceduralSkyMaterial" id="ProceduralSkyMaterial_880m6"]
sky_horizon_color = Color(0.64625, 0.65575, 0.67075, 1)
ground_horizon_color = Color(0.64625, 0.65575, 0.67075, 1)

[sub_resource type="Sky" id="Sky_px0re"]
sky_material = SubResource( "ProceduralSkyMaterial_880m6" )

[sub_resource type="Environment" id="Environment_g3xgb"]
background_mode = 2
sky = SubResource( "Sky_px0re" )
tonemap_mode = 2
sdfgi_enabled = true
sdfgi_use_occlusion = true
sdfgi_cascades = 1
sdfgi_min_cell_size = 31.25
sdfgi_cascade0_distance = 2000.0
sdfgi_max_distance = 4000.0
sdfgi_y_scale = 0
glow_enabled = true

[node name="Node3D" type="Node3D"]

[node name="DirectionalLight3D" type="DirectionalLight3D" parent="."]
transform = Transform3D(-0.866023, -0.433016, 0.250001, 0, 0.499998, 0.866027, -0.500003, 0.749999, -0.43301, 0, 0, 0)
shadow_enabled = true
directional_shadow_max_distance = 250.0

[node name="WorldEnvironment" type="WorldEnvironment" parent="."]
environment = SubResource( "Environment_g3xgb" )

[node name="Animations" type="Node3D" parent="."]

[node name="wave_hip_hop_dance" parent="Animations" instance=ExtResource( "1_3opiw" )]

[node name="Skeleton3D" parent="Animations/wave_hip_hop_dance/RootNode/Armature" index="0"]
bones/0/position = Vector3(0.0829897, 0.916468, 0.0309197)
bones/0/rotation = Quaternion(-0.0875626, -0.0740113, -0.00289139, 0.993402)
bones/1/rotation = Quaternion(0.110188, 0.0075737, -0.000906947, 0.993882)
bones/2/rotation = Quaternion(0.0215768, 0.00159358, -0.0181613, 0.999601)
bones/3/rotation = Quaternion(0.0216158, 0.00114033, -0.0181473, 0.999601)
bones/4/rotation = Quaternion(0.00501121, -0.0136101, 0.0361996, 0.999239)
bones/6/rotation = Quaternion(0.0665242, -0.00951625, -0.0173738, 0.997588)
bones/7/rotation = Quaternion(0.000100898, 0.0211214, 0.0223201, 0.999528)
bones/8/rotation = Quaternion(0.516062, -0.163086, -0.374327, 0.752969)
bones/9/rotation = Quaternion(-1.52494e-07, -0.385819, 4.69282e-08, 0.922575)
bones/10/rotation = Quaternion(-0.0127554, 0.225626, 0.0829082, 0.970596)
bones/14/rotation = Quaternion(-0.00084688, -0.0212298, 0.0716466, 0.997204)
bones/15/rotation = Quaternion(0.00038035, -0.00633369, 0.000647843, 0.99998)
bones/16/rotation = Quaternion(-2.396e-08, -0.00035939, 0.0202807, 0.999794)
bones/17/rotation = Quaternion(-0.00199734, -0.0221712, 0.129133, 0.991378)
bones/18/rotation = Quaternion(0.00110726, -0.0111586, 0.00113245, 0.999936)
bones/19/rotation = Quaternion(7.55367e-09, -0.00114898, 0.0648455, 0.997895)
bones/20/rotation = Quaternion(0.000165312, -0.0203504, 0.0210407, 0.999571)
bones/21/rotation = Quaternion(2.82165e-05, -0.00122979, -0.0017169, 0.999998)
bones/22/rotation = Quaternion(-4.07e-08, 0.000770108, -0.0434635, 0.999055)
bones/23/rotation = Quaternion(0.000627464, 0.0156973, -0.000211731, 0.999876)
bones/24/rotation = Quaternion(0.00139139, -0.0349246, -0.0398096, 0.998596)
bones/25/rotation = Quaternion(-8.21277e-10, 0.00150264, -0.0848062, 0.996397)
bones/26/rotation = Quaternion(0.016425, 0.158513, 0.0161304, 0.987089)
bones/27/rotation = Quaternion(0.344289, 0.085483, 0.457221, 0.815541)
bones/28/rotation = Quaternion(-2.34612e-07, 0.359871, -3.00192e-07, 0.933002)
bones/29/rotation = Quaternion(0.327858, 0.0411978, -0.240514, 0.912669)
bones/33/rotation = Quaternion(0.000817199, 0.0181151, 0.0204203, 0.999627)
bones/34/rotation = Quaternion(3.814e-08, -0.00231178, 0.0579856, 0.998315)
bones/35/rotation = Quaternion(3.63667e-09, 0.000396015, -0.00993475, 0.99995)
bones/36/rotation = Quaternion(0.000908162, 0.0179194, 0.0252239, 0.999521)
bones/37/rotation = Quaternion(2.05944e-08, -0.00324867, 0.0814834, 0.996669)
bones/38/rotation = Quaternion(-3.01274e-08, -0.00146362, 0.036713, 0.999325)
bones/39/rotation = Quaternion(0.00142256, 0.0168045, 0.0523936, 0.998484)
bones/40/rotation = Quaternion(-1.32896e-07, -0.00501554, 0.125799, 0.992043)
bones/41/rotation = Quaternion(-2.26751e-08, -0.00372105, 0.0933293, 0.995628)
bones/42/rotation = Quaternion(0.00231922, 0.0148251, 0.0998027, 0.994894)
bones/43/rotation = Quaternion(-4.2626e-08, -0.00716432, 0.179694, 0.983696)
bones/44/rotation = Quaternion(1.39044e-08, -0.00538857, 0.135154, 0.99081)
bones/45/rotation = Quaternion(-0.0534019, 0.12094, 0.0121887, 0.991147)
bones/46/rotation = Quaternion(0.332707, -0.0875423, 0.0337728, 0.93835)
bones/47/rotation = Quaternion(-0.199352, -0.00690527, -0.0155158, 0.979781)
bones/48/rotation = Quaternion(-0.000115951, -1.08106e-07, -0.000272595, 1)
bones/49/rotation = Quaternion(-0.277198, 0.0668047, 0.0171218, 0.958335)
bones/50/rotation = Quaternion(0.784865, -0.0256089, -0.0961947, 0.611619)
bones/51/rotation = Quaternion(-0.0938346, -0.121361, -0.119785, 0.980876)
bones/52/rotation = Quaternion(-0.0110055, -3.55332e-09, -5.57978e-08, 0.999939)

[node name="AnimationPlayer" parent="Animations/wave_hip_hop_dance" index="1"]
autoplay = "Armature|Armature|mixamocom|Layer0001"

[node name="three-vrm-girl" parent="Animations" instance=ExtResource( "6_sj4ok" )]
transform = Transform3D(1, 0, 0, 0, 1, 0, 0, 0, 1, -1.048, 0, -2.557)
update_in_editor = true

[node name="Skeleton3D" parent="Animations/three-vrm-girl/Root" index="0"]
bones/0/rest = Transform3D(-1, 0, 0, 0, 1, 0, 0, 0, -1, 0.000217693, 0.893992, -0.00574204)
bones/0/rotation = Quaternion(0, 1, 0, 0)

[node name="xbotPlaying The Violin2" parent="Animations" instance=ExtResource( "2_1gu8y" )]

[node name="Skeleton3D" parent="Animations/xbotPlaying The Violin2/RootNode" index="0"]
bones/0/position = Vector3(0.000454173, 1.03408, 0.0188365)
bones/0/rotation = Quaternion(-0.0267413, -0.0516479, -0.0216986, 0.998072)
bones/1/rotation = Quaternion(0.0436168, -0.00768568, -0.00653017, 0.998997)
bones/2/rotation = Quaternion(0.0134031, -0.00183486, 0.00601076, 0.999891)
bones/3/rotation = Quaternion(0.0133462, -0.0016358, 0.00607081, 0.999892)
bones/4/rotation = Quaternion(0.047014, -0.0176765, -0.00688108, 0.998714)
bones/5/rotation = Quaternion(0.0667321, -0.170292, -0.132009, 0.974229)
bones/6/rotation = Quaternion(0.0131484, -0.0631296, -0.136259, 0.988572)
bones/7/rotation = Quaternion(0.097956, -0.117783, -0.512195, 0.845095)
bones/8/rotation = Quaternion(-7.3834e-08, -0.0833891, -1.6532e-06, 0.996517)
bones/9/rotation = Quaternion(-0.0412508, -0.0248831, 0.0382778, 0.998105)
bones/10/rotation = Quaternion(0.0475054, 0.00779488, -0.0735379, 0.99613)
bones/11/rotation = Quaternion(0.132126, 0.201468, 0.16624, 0.956199)
bones/12/rotation = Quaternion(-0.117377, 0.0400844, 0.0744194, 0.989484)
bones/13/rotation = Quaternion(0.0070962, 0.0362139, -0.486447, 0.87293)
bones/14/rotation = Quaternion(2.84782e-08, 0.0570359, -0.559061, 0.827162)
bones/15/rotation = Quaternion(-6.8718e-09, 0.0499794, -0.489894, 0.870348)
bones/16/rotation = Quaternion(-0.0153595, 0.066283, -0.546382, 0.834768)
bones/17/rotation = Quaternion(-7.29109e-08, 0.0570711, -0.559406, 0.826927)
bones/18/rotation = Quaternion(-4.31579e-08, 0.0577913, -0.566466, 0.822056)
bones/19/rotation = Quaternion(-0.0148878, 0.0721941, -0.585456, 0.807346)
bones/20/rotation = Quaternion(-2.03074e-08, 0.0596133, -0.584325, 0.809328)
bones/21/rotation = Quaternion(-3.34436e-08, 0.0573946, -0.562577, 0.824751)
bones/22/rotation = Quaternion(-0.0138735, 0.0850139, -0.626603, 0.774564)
bones/23/rotation = Quaternion(2.42377e-08, 0.0570566, -0.559263, 0.827024)
bones/24/rotation = Quaternion(2.88896e-08, 0.0563934, -0.552763, 0.831428)
bones/25/rotation = Quaternion(0.0218747, 0.111767, 0.147237, 0.982523)
bones/26/rotation = Quaternion(0.0750504, 0.0282765, 0.500396, 0.862074)
bones/27/rotation = Quaternion(-4.0771e-08, 0.178103, -1.90527e-08, 0.984012)
bones/28/rotation = Quaternion(0.0966009, -0.0898275, -0.0429095, 0.990332)
bones/29/rotation = Quaternion(-0.0126904, -0.0692843, 0.595919, 0.799949)
bones/30/rotation = Quaternion(7.437e-06, -0.043036, 0.53149, 0.84597)
bones/31/rotation = Quaternion(1.97098e-08, -0.0425062, 0.524805, 0.85016)
bones/32/rotation = Quaternion(-0.0141382, -0.0564142, 0.553363, 0.830907)
bones/33/rotation = Quaternion(3.87658e-08, -0.0451326, 0.557231, 0.82913)
bones/34/rotation = Quaternion(2.30053e-08, -0.0433228, 0.534889, 0.843811)
bones/35/rotation = Quaternion(-0.0126857, -0.0469482, 0.454976, 0.889175)
bones/36/rotation = Quaternion(-2.40787e-08, -0.0430603, 0.531646, 0.845871)
bones/37/rotation = Quaternion(9.56201e-06, -0.0436628, 0.538902, 0.841237)
bones/38/rotation = Quaternion(0.00603093, -0.0163428, 0.382922, 0.923617)
bones/39/rotation = Quaternion(4.77888e-08, -0.0387085, 0.477917, 0.877552)
bones/40/rotation = Quaternion(2.03351e-08, -0.0328425, 0.405493, 0.913508)
bones/41/rotation = Quaternion(-0.0121016, -0.00422606, -0.0345629, 0.99932)
bones/42/rotation = Quaternion(0.138015, -0.109348, -0.131493, 0.975553)
bones/43/rotation = Quaternion(-0.167249, 0.0847285, -0.0931536, 0.97784)
bones/44/rotation = Quaternion(-0.0734051, 0.105482, 0.0716045, 0.989119)
bones/45/rotation = Quaternion(0.0970231, 0.0254676, 0.0259233, 0.994618)
bones/46/rotation = Quaternion(0.0125844, 0.0319274, -0.0588435, 0.997677)
bones/47/rotation = Quaternion(-0.0241568, -2.62087e-08, -9.48306e-09, 0.999708)
bones/48/rotation = Quaternion(-0.0078203, -0.10545, 0.01274, 0.994312)
bones/49/rotation = Quaternion(0.0818588, -0.0696914, -0.0223159, 0.993954)
bones/50/rotation = Quaternion(-0.0423244, -0.00621731, 0.0233999, 0.99881)
bones/51/rotation = Quaternion(-0.0498094, 1.59795e-08, 2.7525e-09, 0.998759)

[node name="ViolinVRMGirlRetarget" type="SkeletonRetarget" parent="."]
retarget_profile = ExtResource( "2_og74m" )
source_skeleton = NodePath("../Animations/xbotPlaying The Violin2/RootNode/Skeleton3D")
source_map = ExtResource( "2_mk8hq" )
target_skeleton = NodePath("../Animations/three-vrm-girl/Root/Skeleton3D")
target_map = ExtResource( "4_kr0sw" )
retarget_position = true
retarget_scale = true

[node name="Camera3D" type="Camera3D" parent="."]
transform = Transform3D(0.991105, -0.0469287, 0.124535, 0, 0.935765, 0.352625, -0.133084, -0.349488, 0.927441, 2.05973, 2.2165, 3.44805)

[node name="ThreeVRMRetarget" type="SkeletonRetarget" parent="."]
retarget_profile = ExtResource( "2_og74m" )
source_skeleton = NodePath("../Animations/wave_hip_hop_dance/RootNode/Armature/Skeleton3D")
source_map = ExtResource( "4_c57ry" )
target_skeleton = NodePath("../three-vrm-girl3/Root/Skeleton3D")
target_map = ExtResource( "4_kr0sw" )
retarget_position = true

[node name="three-vrm-girl3" parent="." instance=ExtResource( "6_sj4ok" )]
transform = Transform3D(1, 0, 0, 0, 1, 0, 0, 0, 1, 2.94859, 0, 0)
vrm_skeleton = NodePath("")
vrm_animplayer = NodePath("")
vrm_secondary = NodePath("")
update_in_editor = true

[node name="Skeleton3D" parent="three-vrm-girl3/Root" index="0"]
bones/0/rest = Transform3D(-1, 0, 0, 0, 1, 0, 0, 0, -1, 0.000217693, 0.893992, -0.00574204)
bones/0/rotation = Quaternion(0, 1, 0, 0)

[node name="FemaleDollRetarget" type="SkeletonRetarget" parent="."]
retarget_profile = ExtResource( "2_og74m" )
source_skeleton = NodePath("../Animations/wave_hip_hop_dance/RootNode/Armature/Skeleton3D")
source_map = ExtResource( "4_c57ry" )
target_skeleton = NodePath("../skelman/Armature/Skeleton3D")
target_map = ExtResource( "2_mk8hq" )
retarget_position = true

[node name="skelman" parent="." instance=ExtResource( "1_3cj5j" )]
transform = Transform3D(1, 0, 0, 0, 1, 0, 0, 0, 1, -1, 0, 0)

[node name="Skeleton3D" parent="skelman/Armature" index="0"]
bones/0/rotation = Quaternion(0.860365, 5.94293e-05, 5.94292e-05, 0.509679)
bones/1/rotation = Quaternion(0.00186708, -0.870321, -0.492481, 0.0011831)
bones/2/rotation = Quaternion(-0.111732, -0.00217174, -0.00272035, 0.993732)
bones/3/rotation = Quaternion(0.549113, 0.0363004, -0.0110053, 0.834887)
bones/4/rotation = Quaternion(0.270947, -0.0639027, 0.0175605, 0.96031)
bones/6/rotation = Quaternion(0.00126413, 0.870419, 0.492307, 0.00166276)
bones/7/rotation = Quaternion(-0.112157, 0.00219676, 0.00271962, 0.993684)
bones/11/rotation = Quaternion(-0.812217, -0.000152917, -0.000103021, 0.583356)
bones/12/rotation = Quaternion(-0.0726572, -4.53545e-07, 5.41364e-07, 0.997357)
bones/14/rotation = Quaternion(0.54932, -0.445128, 0.546341, 0.449022)
bones/15/rotation = Quaternion(-0.100732, -0.0113494, 0.00453808, 0.994838)
bones/16/rotation = Quaternion(-0.000161413, 0.0106501, -0.00363115, 0.999937)
bones/17/rotation = Quaternion(-0.0206756, 0.0294982, -0.0119449, 0.99928)
bones/18/rotation = Quaternion(0.0201605, 0.0136153, 0.0136765, 0.99961)
bones/19/rotation = Quaternion(-2.30931e-05, 0.000569524, -0.000394217, 1)
bones/20/rotation = Quaternion(3.47423e-05, 0.000533249, -0.00219746, 0.999997)
bones/22/rotation = Quaternion(0.0201482, 0.0127083, 0.0125388, 0.999638)
bones/23/rotation = Quaternion(-4.96559e-06, 1.51281e-05, -0.000742642, 1)
bones/24/rotation = Quaternion(2.63701e-05, 5.26247e-05, -5.87292e-05, 1)
bones/26/rotation = Quaternion(0.0202186, 0.00834452, 0.0134515, 0.99967)
bones/27/rotation = Quaternion(-1.85514e-05, 0.000201349, -0.0014596, 0.999999)
bones/28/rotation = Quaternion(2.93783e-05, -6.50106e-05, 0.000726395, 1)
bones/30/rotation = Quaternion(0.0201499, 0.0117071, 0.0118496, 0.999658)
bones/31/rotation = Quaternion(2.02764e-05, -5.89289e-05, 0.000260917, 1)
bones/32/rotation = Quaternion(-2.14019e-05, -0.000411414, -0.000234631, 1)
bones/34/rotation = Quaternion(0.148057, -0.015769, -0.341154, 0.92814)
bones/35/rotation = Quaternion(0.0118145, -0.00567076, 0.13941, 0.990148)
bones/36/rotation = Quaternion(-0.127639, 0.0133087, 0.0627797, 0.989742)
bones/38/rotation = Quaternion(0.549109, 0.445283, -0.546637, 0.448766)
bones/39/rotation = Quaternion(-0.100767, 0.0112214, -0.00406358, 0.994838)
bones/40/rotation = Quaternion(-0.000159945, -0.0105049, 0.00363371, 0.999938)
bones/41/rotation = Quaternion(-0.0297401, -0.0380015, 0.0131945, 0.998748)
bones/42/rotation = Quaternion(0.0290181, -0.0140035, -0.0154523, 0.999361)
bones/43/rotation = Quaternion(2.37779e-05, 0.00067156, 0.00178154, 0.999998)
bones/44/rotation = Quaternion(-3.04261e-05, -0.000628837, -0.00123341, 0.999999)
bones/46/rotation = Quaternion(0.028987, -0.0158886, -0.0145574, 0.999348)
bones/47/rotation = Quaternion(-1.40369e-05, 3.53159e-05, -0.000221508, 1)
bones/48/rotation = Quaternion(2.01136e-05, 0.00012089, -0.000272515, 1)
bones/50/rotation = Quaternion(0.0290578, -0.00953959, -0.012987, 0.999448)
bones/51/rotation = Quaternion(3.78259e-05, -3.03433e-05, -0.000289006, 1)
bones/52/rotation = Quaternion(-5.18748e-05, -0.000475371, -0.000623927, 1)
bones/54/rotation = Quaternion(0.149524, 0.0206832, 0.323242, 0.9342)
bones/55/rotation = Quaternion(0.0167892, 0.00664716, -0.122057, 0.992359)
bones/56/rotation = Quaternion(-0.130885, -0.0144521, -0.00835736, 0.991257)
bones/58/rotation = Quaternion(0.0288897, -0.0206856, -0.0142948, 0.999266)
bones/59/rotation = Quaternion(3.35788e-05, -3.36991e-05, -0.00016587, 1)
bones/60/rotation = Quaternion(-2.63123e-05, -8.69205e-06, -0.00183114, 0.999998)
bones/62/rotation = Quaternion(0.0570215, 1.24184e-06, 1.07216e-06, 0.998373)
bones/63/rotation = Quaternion(-3.33786e-06, 5.68435e-13, -1.98952e-13, 1)

[node name="SK_female_doll" parent="." instance=ExtResource( "2_j0i1k" )]

[node name="Skeleton3D" parent="SK_female_doll" index="0"]
transform = Transform3D(1, 0, 0, 0, 1, 0, 0, 0, 1, 0.97173, 0, 0)
bones/0/rest = Transform3D(-1, 0, 0, 0, 1, 0, 0, 0, -1, 1.8e-05, 0.955229, 0.00214899)
bones/0/rotation = Quaternion(0, 1, 0, 0)

[node name="MixamoRetarget" type="SkeletonRetarget" parent="."]
retarget_profile = ExtResource( "2_og74m" )
source_skeleton = NodePath("../Animations/wave_hip_hop_dance/RootNode/Armature/Skeleton3D")
source_map = ExtResource( "4_c57ry" )
target_skeleton = NodePath("../SK_female_doll/Skeleton3D")
target_map = ExtResource( "6_j7qga" )
retarget_position = true

[node name="MixamoXbotRetarget" type="SkeletonRetarget" parent="."]
retarget_profile = ExtResource( "2_og74m" )
source_skeleton = NodePath("../Animations/wave_hip_hop_dance/RootNode/Armature/Skeleton3D")
source_map = ExtResource( "4_c57ry" )
target_skeleton = NodePath("../xbot/RootNode/Skeleton3D")
target_map = ExtResource( "6_j7qga" )
retarget_position = true

[node name="xbot" parent="." instance=ExtResource( "7_2t60k" )]
transform = Transform3D(1, 0, 0, 0, 1, 0, 0, 0, 1, 4.80998, 0, 0)

[node name="BoneAttachment3D" parent="xbot/RootNode/Skeleton3D" index="0"]
transform = Transform3D(0.997978, 0.0413562, -0.0482724, -0.0417919, 0.999094, -0.00805135, 0.0478957, 0.0100524, 0.998802, 0.0908666, 1.56621, 0.0432418)
bone_idx = 5

[node name="BoneAttachment3D2" parent="xbot/RootNode/Skeleton3D" index="1"]
transform = Transform3D(0.997978, 0.0413562, -0.0482724, -0.0417919, 0.999094, -0.00805135, 0.0478957, 0.0100524, 0.998802, 0.0908666, 1.56621, 0.0432418)
bone_idx = 5

[node name="BoneAttachment3D3" parent="xbot/RootNode/Skeleton3D" index="2"]
transform = Transform3D(0.997978, 0.0413562, -0.0482724, -0.0417919, 0.999094, -0.00805135, 0.0478957, 0.0100524, 0.998802, 0.0908666, 1.56621, 0.0432418)
bone_idx = 5

[node name="BoneAttachment3D4" parent="xbot/RootNode/Skeleton3D" index="3"]
transform = Transform3D(0.432329, 0.498781, -0.751206, -0.868015, 0.455832, -0.196893, 0.244217, 0.737181, 0.630019, 0.475729, 0.859352, -0.103282)
bone_idx = 12

[node name="BoneAttachment3D5" parent="xbot/RootNode/Skeleton3D" index="4"]
transform = Transform3D(0.458471, 0.306135, -0.834318, -0.648907, 0.756765, -0.0789063, 0.607227, 0.577571, 0.545608, 0.560615, 0.835892, -0.0558592)
bone_idx = 15

[node name="BoneAttachment3D6" parent="xbot/RootNode/Skeleton3D" index="5"]
transform = Transform3D(0.466976, 0.283216, -0.837689, -0.61464, 0.785018, -0.0772276, 0.635729, 0.550941, 0.540661, 0.582544, 0.83823, -0.0654947)
bone_idx = 18

[node name="BoneAttachment3D7" parent="xbot/RootNode/Skeleton3D" index="6"]
transform = Transform3D(0.46841, 0.219281, -0.855867, -0.519705, 0.851777, -0.0661982, 0.714492, 0.475806, 0.512943, 0.591906, 0.852417, -0.0788625)
bone_idx = 21

[node name="BoneAttachment3D8" parent="xbot/RootNode/Skeleton3D" index="7"]
transform = Transform3D(0.449348, 0.141777, -0.882035, -0.387766, 0.920422, -0.0495985, 0.804813, 0.364311, 0.468566, 0.597867, 0.869819, -0.0950793)
bone_idx = 24

[node name="BoneAttachment3D9" parent="xbot/RootNode/Skeleton3D" index="8"]
transform = Transform3D(0.121736, 0.0398055, 0.991764, 0.630986, 0.768201, -0.108284, -0.766184, 0.638971, 0.0684012, -0.345474, 0.854744, 0.0413984)
bone_idx = 31

[node name="BoneAttachment3D10" parent="xbot/RootNode/Skeleton3D" index="9"]
transform = Transform3D(0.121736, 0.0398055, 0.991764, 0.630986, 0.768201, -0.108284, -0.766184, 0.638971, 0.0684012, -0.327758, 0.847195, 0.0563261)
bone_idx = 34

[node name="BoneAttachment3D11" parent="xbot/RootNode/Skeleton3D" index="10"]
transform = Transform3D(0.121736, 0.0398055, 0.991764, 0.630986, 0.768201, -0.108284, -0.766184, 0.638971, 0.0684012, -0.310444, 0.839289, 0.06544)
bone_idx = 37

[node name="BoneAttachment3D12" parent="xbot/RootNode/Skeleton3D" index="11"]
transform = Transform3D(0.121736, 0.0398055, 0.991764, 0.630986, 0.768201, -0.108284, -0.766184, 0.638971, 0.0684012, -0.287609, 0.836114, 0.0597462)
bone_idx = 40

[node name="BoneAttachment3D13" parent="xbot/RootNode/Skeleton3D" index="12"]
transform = Transform3D(0.121735, 0.0398053, 0.991764, 0.630986, 0.768201, -0.108283, -0.766184, 0.638971, 0.0684006, -0.242597, 0.84397, -0.0221783)
bone_idx = 43

[node name="BoneAttachment3D14" parent="xbot/RootNode/Skeleton3D" index="13"]
transform = Transform3D(0.820221, 3.84077e-06, -0.572047, -3.15532e-05, 1, -3.85344e-05, 0.572047, 4.9606e-05, 0.820221, 0.0583832, -0.0181293, 0.0898025)
bone_idx = 47

[node name="BoneAttachment3D15" parent="xbot/RootNode/Skeleton3D" index="14"]
transform = Transform3D(0.940941, 0.335457, 0.0458091, -0.155908, 0.549411, -0.820878, -0.300538, 0.765256, 0.569263, -0.0177692, 0.166401, -0.0843233)
bone_idx = 51

[node name="Text" type="Node3D" parent="."]

[node name="Mixamo" parent="Text" instance=ExtResource( "6_7qcml" )]
transform = Transform3D(1, 0, 0, 0, 1, 0, 0, 0, 1, 4.78627, 2, 0)

[node name="Mixamo2" parent="Text" instance=ExtResource( "6_7qcml" )]
transform = Transform3D(1, 0, 0, 0, 1, 0, 0, 0, 1, 0.948569, 2, 0)

[node name="Animation Retargeting" parent="Text" instance=ExtResource( "1_74755" )]
transform = Transform3D(2, 0, 0, 0, 2, 0, 0, 0, 1, 0.975302, 2.56627, 0)

[node name="VRM" parent="Text" instance=ExtResource( "7_1bhhg" )]
transform = Transform3D(1, 0, 0, 0, 1, 0, 0, 0, 1, -1.04753, 2, 0)

[node name="VRM3" parent="Text" instance=ExtResource( "7_1bhhg" )]
transform = Transform3D(1, 0, 0, 0, 1, 0, 0, 0, 1, -1.0331, 2, -2.37288)

[node name="VRM2" parent="Text" instance=ExtResource( "7_1bhhg" )]
transform = Transform3D(1, 0, 0, 0, 1, 0, 0, 0, 1, 2.97102, 2, 0)

[node name="ANIM_wave_hip_hop_dancegltf" parent="Text" instance=ExtResource( "1_ykigl" )]
transform = Transform3D(1, 0, 0, 0, 1, 0, 0, 0, 1, -3.55048, 2, 0)

[editable path="Animations/wave_hip_hop_dance"]
[editable path="Animations/three-vrm-girl"]
[editable path="Animations/xbotPlaying The Violin2"]
[editable path="three-vrm-girl3"]
[editable path="skelman"]
[editable path="SK_female_doll"]
[editable path="xbot"]
