[gd_scene load_steps=15 format=3 uid="uid://bk7djqbkngynx"]

[ext_resource type="PackedScene" uid="uid://d48fy4uvwp3n" path="res://05_export_vrm_color_texture/female_doll_2022_03_05_03.glb" id="1_3cj5j"]
[ext_resource type="PackedScene" uid="uid://dy3caiksoimde" path="res://text/Animation Retargeting.svg" id="1_74755"]
[ext_resource type="PackedScene" uid="uid://bs5gn273fx8pa" path="res://05_export_vrm_color_texture/three-vrm-girl.vrm" id="1_lob4k"]
[ext_resource type="PackedScene" uid="uid://obj2fk1kynfy" path="res://05_export_vrm_color_texture/SK_female_doll.vrm" id="2_j0i1k"]
[ext_resource type="RetargetRichProfile" uid="uid://b2pjclia5lmhq" path="res://profiles/gd_humanoid.tres" id="2_og74m"]
[ext_resource type="RetargetBoneMap" uid="uid://cce134pih6sq6" path="res://models/mixamo_map.tres" id="4_c57ry"]
[ext_resource type="RetargetBoneMap" uid="uid://c0bu03vcbuadc" path="res://models/three_girl_vrm_map.tres" id="4_kr0sw"]
[ext_resource type="PackedScene" uid="uid://dkf4ias5bedbr" path="res://text/ANIM_wave_hip_hop_dance.svg" id="4_xyp4j"]
[ext_resource type="RetargetBoneMap" uid="uid://d2wh32fl0op23" path="res://models/female_doll_vrm_map.tres" id="6_1ma83"]
[ext_resource type="PackedScene" uid="uid://bs7esjhiwaba2" path="res://text/Mixamo.svg" id="6_7qcml"]
[ext_resource type="PackedScene" uid="uid://krcnssh1qy20" path="res://05_export_vrm_color_texture/wave_hip_hop_dance1.glb" id="6_bif58"]
[ext_resource type="RetargetBoneMap" uid="uid://b41gxip8w12xa" path="res://models/female_doll_map.tres" id="6_j7qga"]
[ext_resource type="PackedScene" uid="uid://c6sxp1px0a05w" path="res://text/VRM.svg" id="7_1bhhg"]
[ext_resource type="PackedScene" uid="uid://yma6e5nmqpis" path="res://05_export_vrm_color_texture/xbot.glb" id="7_2t60k"]

[node name="Node3D" type="Node3D"]

[node name="Animation Retargeting" parent="." instance=ExtResource( "1_74755" )]
transform = Transform3D(2, 0, 0, 0, 2, 0, 0, 0, 1, 0.975302, 2.56627, 0)

[node name="Camera3D" type="Camera3D" parent="."]
transform = Transform3D(0.991105, -0.0469287, 0.124535, 0, 0.935765, 0.352625, -0.133084, -0.349488, 0.927441, 2.05973, 2.2165, 3.44805)

[node name="ANIM_wave_hip_hop_dance" parent="." instance=ExtResource( "4_xyp4j" )]
transform = Transform3D(1, 0, 0, 0, 1, 0, 0, 0, 1, -3.35, 2, 0)

[node name="wave_hip_hop_dance1" parent="." instance=ExtResource( "6_bif58" )]
transform = Transform3D(1, 0, 0, 0, 1, 0, 0, 0, 1, -3.32818, 0, 0)

[node name="Skeleton3D" parent="wave_hip_hop_dance1/RootNode/Armature" index="0"]
bones/0/position = Vector3(-0.10783, 0.843281, 0.0499815)
bones/0/rotation = Quaternion(-0.102426, 0.297339, 0.0296327, 0.948799)
bones/1/rotation = Quaternion(0.173467, 0.0858527, 0.0643898, 0.978975)
bones/2/rotation = Quaternion(0.00231975, 0.0139578, -0.0341775, 0.999316)
bones/3/rotation = Quaternion(0.00321087, 0.0127338, -0.034581, 0.999316)
bones/4/rotation = Quaternion(0.0121466, 0.0244434, 0.01854, 0.999455)
bones/6/rotation = Quaternion(0.0793929, 0.162964, -0.0645988, 0.981309)
bones/7/rotation = Quaternion(0.00266993, -0.00180119, 0.00215933, 0.999992)
bones/8/rotation = Quaternion(0.199241, -0.23563, -0.442152, 0.842189)
bones/9/rotation = Quaternion(1.47333e-07, -0.142823, 9.99702e-08, 0.989748)
bones/10/rotation = Quaternion(0.0583846, 0.0590914, 0.142854, 0.986251)
bones/14/rotation = Quaternion(-9.40537e-05, -0.0205666, 0.0339906, 0.99921)
bones/15/rotation = Quaternion(-6.80312e-07, 0.000255613, -0.0144263, 0.999896)
bones/16/rotation = Quaternion(-1.89875e-07, 0.00056481, -0.0318765, 0.999492)
bones/17/rotation = Quaternion(-0.00121374, -0.0215138, 0.0898721, 0.99572)
bones/18/rotation = Quaternion(0.000107604, -0.00354873, 0.000364246, 0.999994)
bones/19/rotation = Quaternion(4.88138e-07, -0.000280934, 0.0158558, 0.999874)
bones/20/rotation = Quaternion(0.00100068, -0.0195676, -0.0207692, 0.999592)
bones/21/rotation = Quaternion(-7.42003e-08, 0.00129883, -0.0733033, 0.997309)
bones/22/rotation = Quaternion(-9.37025e-09, 0.00168065, -0.0948522, 0.99549)
bones/23/rotation = Quaternion(0.00536469, 0.0171945, -0.0853173, 0.996191)
bones/24/rotation = Quaternion(0.00451152, -0.0330999, -0.1272, 0.991315)
bones/25/rotation = Quaternion(-4.26481e-09, 0.00267246, -0.150827, 0.988557)
bones/26/rotation = Quaternion(0.0255742, 0.259943, 0.036654, 0.964589)
bones/27/rotation = Quaternion(0.150727, 0.104832, 0.497699, 0.847696)
bones/28/rotation = Quaternion(-4.77082e-07, 0.253681, 2.90976e-08, 0.967288)
bones/29/rotation = Quaternion(0.21151, 0.0249384, -0.162367, 0.963472)
bones/33/rotation = Quaternion(0.00194664, 0.0156529, 0.0800996, 0.996662)
bones/34/rotation = Quaternion(-1.98935e-08, -0.00471261, 0.1182, 0.992979)
bones/35/rotation = Quaternion(3.84087e-08, -0.00284245, 0.0712923, 0.997451)
bones/36/rotation = Quaternion(0.00204499, 0.015435, 0.0853041, 0.996233)
bones/37/rotation = Quaternion(2.63169e-08, -0.00603987, 0.151491, 0.98844)
bones/38/rotation = Quaternion(-2.73979e-08, -0.00504825, 0.12662, 0.991938)
bones/39/rotation = Quaternion(0.00274224, 0.0138755, 0.122188, 0.992406)
bones/40/rotation = Quaternion(-2.18639e-07, -0.00790976, 0.198392, 0.980091)
bones/41/rotation = Quaternion(2.67039e-08, -0.00761077, 0.19089, 0.981582)
bones/42/rotation = Quaternion(0.0039958, 0.0110009, 0.188595, 0.981985)
bones/43/rotation = Quaternion(-6.22647e-08, -0.0102842, 0.257946, 0.966105)
bones/44/rotation = Quaternion(1.74062e-08, -0.00963854, 0.24175, 0.970291)
bones/45/rotation = Quaternion(-0.266426, 0.222821, 0.285362, 0.893273)
bones/46/rotation = Quaternion(0.52908, -0.0816772, -0.0298085, 0.844106)
bones/47/rotation = Quaternion(0.154344, -0.138391, -0.158329, 0.96538)
bones/48/rotation = Quaternion(-0.117678, 0.00181803, 0.0173926, 0.992898)
bones/49/rotation = Quaternion(-0.224175, -0.0598426, -0.0623038, 0.970713)
bones/50/rotation = Quaternion(0.652372, -0.0531899, -0.0693088, 0.752847)
bones/51/rotation = Quaternion(-0.0400229, 0.00470827, -0.103508, 0.993812)
bones/52/rotation = Quaternion(-0.102148, 0.00303886, 0.0483765, 0.993588)

[node name="BoneAttachment3D" parent="wave_hip_hop_dance1/RootNode/Armature/Skeleton3D" index="0"]
transform = Transform3D(0.31783, 0.301362, 0.898979, -0.0180981, 0.949899, -0.312032, -0.947974, 0.0829034, 0.30736, -0.106115, 1.45697, 0.0852679)
bone_idx = 6

[node name="BoneAttachment3D2" parent="wave_hip_hop_dance1/RootNode/Armature/Skeleton3D" index="1"]
transform = Transform3D(0.31783, 0.301362, 0.898979, -0.0180981, 0.949899, -0.312032, -0.947974, 0.0829034, 0.30736, -0.106115, 1.45697, 0.0852679)
bone_idx = 6

[node name="BoneAttachment3D3" parent="wave_hip_hop_dance1/RootNode/Armature/Skeleton3D" index="2"]
transform = Transform3D(0.773847, 0.580133, 0.254175, -0.519999, 0.811042, -0.267976, -0.361609, 0.0752017, 0.929291, 0.272586, 0.731685, -0.140811)
bone_idx = 13

[node name="BoneAttachment3D4" parent="wave_hip_hop_dance1/RootNode/Armature/Skeleton3D" index="3"]
transform = Transform3D(0.773847, 0.580133, 0.254175, -0.519999, 0.811042, -0.267976, -0.361609, 0.0752017, 0.929291, 0.272586, 0.731685, -0.140811)
bone_idx = 13

[node name="BoneAttachment3D5" parent="wave_hip_hop_dance1/RootNode/Armature/Skeleton3D" index="4"]
transform = Transform3D(0.653919, 0.7559, 0.0316824, -0.7489, 0.652673, -0.114747, -0.107416, 0.0513083, 0.992889, 0.355373, 0.701567, -0.196562)
bone_idx = 16

[node name="BoneAttachment3D6" parent="wave_hip_hop_dance1/RootNode/Armature/Skeleton3D" index="5"]
transform = Transform3D(0.653919, 0.7559, 0.0316824, -0.7489, 0.652673, -0.114747, -0.107416, 0.0513083, 0.992889, 0.355373, 0.701567, -0.196562)
bone_idx = 16

[node name="BoneAttachment3D7" parent="wave_hip_hop_dance1/RootNode/Armature/Skeleton3D" index="6"]
transform = Transform3D(0.813467, 0.581161, 0.022839, -0.575914, 0.810362, -0.107871, -0.0811984, 0.0745964, 0.993902, 0.359472, 0.710997, -0.172245)
bone_idx = 19

[node name="BoneAttachment3D8" parent="wave_hip_hop_dance1/RootNode/Armature/Skeleton3D" index="7"]
transform = Transform3D(0.813467, 0.581161, 0.022839, -0.575914, 0.810362, -0.107871, -0.0811984, 0.0745964, 0.993902, 0.359472, 0.710997, -0.172245)
bone_idx = 19

[node name="BoneAttachment3D9" parent="wave_hip_hop_dance1/RootNode/Armature/Skeleton3D" index="8"]
transform = Transform3D(0.35144, 0.93556, 0.0348676, -0.927876, 0.353029, -0.120065, -0.124638, 0.00984301, 0.992153, 0.337406, 0.697069, -0.219913)
bone_idx = 22

[node name="BoneAttachment3D10" parent="wave_hip_hop_dance1/RootNode/Armature/Skeleton3D" index="9"]
transform = Transform3D(0.35144, 0.93556, 0.0348676, -0.927876, 0.353029, -0.120065, -0.124638, 0.00984301, 0.992153, 0.337406, 0.697069, -0.219913)
bone_idx = 22

[node name="BoneAttachment3D11" parent="wave_hip_hop_dance1/RootNode/Armature/Skeleton3D" index="10"]
transform = Transform3D(0.00817845, 0.999318, 0.0359825, -0.991937, 0.0126584, -0.126097, -0.126467, -0.0346611, 0.991364, 0.305027, 0.715517, -0.240472)
bone_idx = 25

[node name="BoneAttachment3D12" parent="wave_hip_hop_dance1/RootNode/Armature/Skeleton3D" index="11"]
transform = Transform3D(0.00817845, 0.999318, 0.0359825, -0.991937, 0.0126584, -0.126097, -0.126467, -0.0346611, 0.991364, 0.305027, 0.715517, -0.240472)
bone_idx = 25

[node name="BoneAttachment3D13" parent="wave_hip_hop_dance1/RootNode/Armature/Skeleton3D" index="12"]
transform = Transform3D(-0.194818, 0.431543, 0.880804, 0.673361, 0.711802, -0.199806, -0.713183, 0.554174, -0.429256, -0.107439, 0.692009, 0.374188)
bone_idx = 32

[node name="BoneAttachment3D14" parent="wave_hip_hop_dance1/RootNode/Armature/Skeleton3D" index="13"]
transform = Transform3D(-0.194818, 0.431543, 0.880804, 0.673361, 0.711802, -0.199806, -0.713183, 0.554174, -0.429256, -0.107439, 0.692009, 0.374188)
bone_idx = 32

[node name="BoneAttachment3D15" parent="wave_hip_hop_dance1/RootNode/Armature/Skeleton3D" index="14"]
transform = Transform3D(-0.174545, 0.661756, 0.729117, 0.983303, 0.155846, 0.0939467, -0.0514604, 0.733342, -0.677909, -0.0700445, 0.646834, 0.423807)
bone_idx = 35

[node name="BoneAttachment3D16" parent="wave_hip_hop_dance1/RootNode/Armature/Skeleton3D" index="15"]
transform = Transform3D(-0.174545, 0.661756, 0.729117, 0.983303, 0.155846, 0.0939467, -0.0514604, 0.733342, -0.677909, -0.0700445, 0.646834, 0.423807)
bone_idx = 35

[node name="BoneAttachment3D17" parent="wave_hip_hop_dance1/RootNode/Armature/Skeleton3D" index="16"]
transform = Transform3D(-0.0417393, 0.682241, 0.729934, 0.995752, -0.0315986, 0.0864737, 0.082061, 0.730443, -0.678024, -0.085889, 0.636214, 0.439179)
bone_idx = 38

[node name="BoneAttachment3D18" parent="wave_hip_hop_dance1/RootNode/Armature/Skeleton3D" index="17"]
transform = Transform3D(-0.0417393, 0.682241, 0.729934, 0.995752, -0.0315986, 0.0864737, 0.082061, 0.730443, -0.678024, -0.085889, 0.636214, 0.439179)
bone_idx = 38

[node name="BoneAttachment3D19" parent="wave_hip_hop_dance1/RootNode/Armature/Skeleton3D" index="18"]
transform = Transform3D(0.170124, 0.662857, 0.729161, 0.942989, -0.324306, 0.0748034, 0.286056, 0.674866, -0.68024, -0.113276, 0.638276, 0.445411)
bone_idx = 41

[node name="BoneAttachment3D20" parent="wave_hip_hop_dance1/RootNode/Armature/Skeleton3D" index="19"]
transform = Transform3D(0.170124, 0.662857, 0.729161, 0.942989, -0.324306, 0.0748034, 0.286056, 0.674866, -0.68024, -0.113276, 0.638276, 0.445411)
bone_idx = 41

[node name="BoneAttachment3D21" parent="wave_hip_hop_dance1/RootNode/Armature/Skeleton3D" index="20"]
transform = Transform3D(0.403571, 0.558143, 0.724986, 0.768577, -0.636711, 0.0623479, 0.496407, 0.532046, -0.685935, -0.148237, 0.657499, 0.441006)
bone_idx = 44

[node name="BoneAttachment3D22" parent="wave_hip_hop_dance1/RootNode/Armature/Skeleton3D" index="21"]
transform = Transform3D(0.403571, 0.558143, 0.724986, 0.768577, -0.636711, 0.0623479, 0.496407, 0.532046, -0.685935, -0.148237, 0.657499, 0.441006)
bone_idx = 44

[node name="BoneAttachment3D23" parent="wave_hip_hop_dance1/RootNode/Armature/Skeleton3D" index="22"]
transform = Transform3D(0.539726, 0.358133, 0.761864, -0.117583, 0.928197, -0.353022, -0.833589, 0.100953, 0.543082, 0.219791, 0.0363667, -0.10309)
bone_idx = 48

[node name="BoneAttachment3D24" parent="wave_hip_hop_dance1/RootNode/Armature/Skeleton3D" index="23"]
transform = Transform3D(0.539726, 0.358133, 0.761864, -0.117583, 0.928197, -0.353022, -0.833589, 0.100953, 0.543082, 0.219791, 0.0363667, -0.10309)
bone_idx = 48

[node name="BoneAttachment3D25" parent="wave_hip_hop_dance1/RootNode/Armature/Skeleton3D" index="24"]
transform = Transform3D(0.870537, 0.414877, 0.264654, -0.271124, 0.853173, -0.445631, -0.410678, 0.316184, 0.855203, -0.297235, 0.0614308, 0.119029)
bone_idx = 52

[node name="BoneAttachment3D26" parent="wave_hip_hop_dance1/RootNode/Armature/Skeleton3D" index="25"]
transform = Transform3D(0.870537, 0.414877, 0.264654, -0.271124, 0.853173, -0.445631, -0.410678, 0.316184, 0.855203, -0.297235, 0.0614308, 0.119029)
bone_idx = 52

[node name="AnimationPlayer" parent="wave_hip_hop_dance1" index="1"]
autoplay = "Armature|Armature001|mixamocom|Layer0"

[node name="VRM2" parent="." instance=ExtResource( "7_1bhhg" )]
transform = Transform3D(1, 0, 0, 0, 1, 0, 0, 0, 1, 2.97102, 2, 0)

[node name="ThreeVRMRetarget" type="SkeletonRetarget" parent="."]
retarget_profile = ExtResource( "2_og74m" )
source_skeleton = NodePath("../wave_hip_hop_dance1/RootNode/Armature/Skeleton3D")
source_map = ExtResource( "4_c57ry" )
target_skeleton = NodePath("../three-vrm-girl/Root/Skeleton3D")
target_map = ExtResource( "4_kr0sw" )
retarget_position = true

[node name="three-vrm-girl" parent="." instance=ExtResource( "1_lob4k" )]
transform = Transform3D(1, 0, 0, 0, 1, 0, 0, 0, 1, 2.94859, 0, 0)

[node name="Skeleton3D" parent="three-vrm-girl/Root" index="0"]
bones/0/rest = Transform3D(-1, 0, 0, 0, 1, 0, 0, 0, -1, 0.000217693, 0.893992, -0.00574204)
bones/0/rotation = Quaternion(0, 1, 0, 0)

[node name="FemaleDollRetarget" type="SkeletonRetarget" parent="."]
retarget_profile = ExtResource( "2_og74m" )
source_skeleton = NodePath("../wave_hip_hop_dance1/RootNode/Armature/Skeleton3D")
source_map = ExtResource( "4_c57ry" )
target_skeleton = NodePath("../skelman/Armature/Skeleton3D")
target_map = ExtResource( "6_1ma83" )
retarget_position = true

[node name="skelman" parent="." instance=ExtResource( "1_3cj5j" )]
transform = Transform3D(1, 0, 0, 0, 1, 0, 0, 0, 1, -1, 0, 0)

[node name="Skeleton3D" parent="skelman/Armature" index="0"]
bones/0/rotation = Quaternion(0.860365, 5.94293e-05, 5.94292e-05, 0.509679)
bones/1/rotation = Quaternion(0.00186708, -0.870321, -0.492481, 0.0011831)
bones/2/rotation = Quaternion(-0.111732, -0.00217174, -0.00272035, 0.993732)
bones/3/rotation = Quaternion(0.549113, 0.0363004, -0.0110053, 0.834887)
bones/4/rotation = Quaternion(0.270947, -0.0639027, 0.0175605, 0.96031)
bones/6/rotation = Quaternion(0.00126413, 0.870419, 0.492307, 0.00166276)
bones/7/rotation = Quaternion(-0.112157, 0.00219676, 0.00271962, 0.993684)
bones/11/rotation = Quaternion(-0.812217, -0.000152917, -0.000103021, 0.583356)
bones/12/rotation = Quaternion(-0.0726572, -4.53545e-07, 5.41364e-07, 0.997357)
bones/14/rotation = Quaternion(0.54932, -0.445128, 0.546341, 0.449022)
bones/15/rotation = Quaternion(-0.100732, -0.0113494, 0.00453808, 0.994838)
bones/16/rotation = Quaternion(-0.000161413, 0.0106501, -0.00363115, 0.999937)
bones/17/rotation = Quaternion(-0.0206756, 0.0294982, -0.0119449, 0.99928)
bones/18/rotation = Quaternion(0.0201605, 0.0136153, 0.0136765, 0.99961)
bones/19/rotation = Quaternion(-2.30931e-05, 0.000569524, -0.000394217, 1)
bones/20/rotation = Quaternion(3.47423e-05, 0.000533249, -0.00219746, 0.999997)
bones/22/rotation = Quaternion(0.0201482, 0.0127083, 0.0125388, 0.999638)
bones/23/rotation = Quaternion(-4.96559e-06, 1.51281e-05, -0.000742642, 1)
bones/24/rotation = Quaternion(2.63701e-05, 5.26247e-05, -5.87292e-05, 1)
bones/26/rotation = Quaternion(0.0202186, 0.00834452, 0.0134515, 0.99967)
bones/27/rotation = Quaternion(-1.85514e-05, 0.000201349, -0.0014596, 0.999999)
bones/28/rotation = Quaternion(2.93783e-05, -6.50106e-05, 0.000726395, 1)
bones/30/rotation = Quaternion(0.0201499, 0.0117071, 0.0118496, 0.999658)
bones/31/rotation = Quaternion(2.02764e-05, -5.89289e-05, 0.000260917, 1)
bones/32/rotation = Quaternion(-2.14019e-05, -0.000411414, -0.000234631, 1)
bones/34/rotation = Quaternion(0.148057, -0.015769, -0.341154, 0.92814)
bones/35/rotation = Quaternion(0.0118145, -0.00567076, 0.13941, 0.990148)
bones/36/rotation = Quaternion(-0.127639, 0.0133087, 0.0627797, 0.989742)
bones/38/rotation = Quaternion(0.549109, 0.445283, -0.546637, 0.448766)
bones/39/rotation = Quaternion(-0.100767, 0.0112214, -0.00406358, 0.994838)
bones/40/rotation = Quaternion(-0.000159945, -0.0105049, 0.00363371, 0.999938)
bones/41/rotation = Quaternion(-0.0297401, -0.0380015, 0.0131945, 0.998748)
bones/42/rotation = Quaternion(0.0290181, -0.0140035, -0.0154523, 0.999361)
bones/43/rotation = Quaternion(2.37779e-05, 0.00067156, 0.00178154, 0.999998)
bones/44/rotation = Quaternion(-3.04261e-05, -0.000628837, -0.00123341, 0.999999)
bones/46/rotation = Quaternion(0.028987, -0.0158886, -0.0145574, 0.999348)
bones/47/rotation = Quaternion(-1.40369e-05, 3.53159e-05, -0.000221508, 1)
bones/48/rotation = Quaternion(2.01136e-05, 0.00012089, -0.000272515, 1)
bones/50/rotation = Quaternion(0.0290578, -0.00953959, -0.012987, 0.999448)
bones/51/rotation = Quaternion(3.78259e-05, -3.03433e-05, -0.000289006, 1)
bones/52/rotation = Quaternion(-5.18748e-05, -0.000475371, -0.000623927, 1)
bones/54/rotation = Quaternion(0.149524, 0.0206832, 0.323242, 0.9342)
bones/55/rotation = Quaternion(0.0167892, 0.00664716, -0.122057, 0.992359)
bones/56/rotation = Quaternion(-0.130885, -0.0144521, -0.00835736, 0.991257)
bones/58/rotation = Quaternion(0.0288897, -0.0206856, -0.0142948, 0.999266)
bones/59/rotation = Quaternion(3.35788e-05, -3.36991e-05, -0.00016587, 1)
bones/60/rotation = Quaternion(-2.63123e-05, -8.69205e-06, -0.00183114, 0.999998)
bones/62/rotation = Quaternion(0.0570215, 1.24184e-06, 1.07216e-06, 0.998373)
bones/63/rotation = Quaternion(-3.33786e-06, 5.68435e-13, -1.98952e-13, 1)

[node name="Mixamo" parent="." instance=ExtResource( "6_7qcml" )]
transform = Transform3D(1, 0, 0, 0, 1, 0, 0, 0, 1, 4.78627, 2, 0)

[node name="Mixamo2" parent="." instance=ExtResource( "6_7qcml" )]
transform = Transform3D(1, 0, 0, 0, 1, 0, 0, 0, 1, 0.948569, 2, 0)

[node name="VRM" parent="." instance=ExtResource( "7_1bhhg" )]
transform = Transform3D(1, 0, 0, 0, 1, 0, 0, 0, 1, -1.04753, 2, 0)

[node name="SK_female_doll" parent="." instance=ExtResource( "2_j0i1k" )]

[node name="Skeleton3D" parent="SK_female_doll" index="0"]
transform = Transform3D(1, 0, 0, 0, 1, 0, 0, 0, 1, 0.97173, 0, 0)
bones/0/rest = Transform3D(-1, 0, 0, 0, 1, 0, 0, 0, -1, 1.8e-05, 0.955229, 0.00214899)
bones/0/rotation = Quaternion(0, 1, 0, 0)

[node name="MixamoRetarget" type="SkeletonRetarget" parent="."]
retarget_profile = ExtResource( "2_og74m" )
source_skeleton = NodePath("../wave_hip_hop_dance1/RootNode/Armature/Skeleton3D")
source_map = ExtResource( "4_c57ry" )
target_skeleton = NodePath("../SK_female_doll/Skeleton3D")
target_map = ExtResource( "6_j7qga" )
retarget_position = true

[node name="MixamoXbotRetarget" type="SkeletonRetarget" parent="."]
retarget_profile = ExtResource( "2_og74m" )
source_skeleton = NodePath("../wave_hip_hop_dance1/RootNode/Armature/Skeleton3D")
source_map = ExtResource( "4_c57ry" )
target_skeleton = NodePath("../xbot/RootNode/Skeleton3D")
target_map = ExtResource( "6_j7qga" )
retarget_position = true

[node name="xbot" parent="." instance=ExtResource( "7_2t60k" )]
transform = Transform3D(1, 0, 0, 0, 1, 0, 0, 0, 1, 4.80998, 0, 0)

[node name="BoneAttachment3D" parent="xbot/RootNode/Skeleton3D" index="0"]
transform = Transform3D(0.200519, 0.0512853, 0.978347, -0.0174695, 0.998658, -0.0487695, -0.979534, -0.00731196, 0.201146, -0.114125, 1.4916, 0.0835154)
bone_idx = 5

[node name="BoneAttachment3D2" parent="xbot/RootNode/Skeleton3D" index="1"]
transform = Transform3D(0.200519, 0.0512853, 0.978347, -0.0174695, 0.998658, -0.0487695, -0.979534, -0.00731196, 0.201146, -0.114125, 1.4916, 0.0835154)
bone_idx = 5

[node name="BoneAttachment3D3" parent="xbot/RootNode/Skeleton3D" index="2"]
transform = Transform3D(0.200519, 0.0512853, 0.978347, -0.0174695, 0.998658, -0.0487695, -0.979534, -0.00731196, 0.201146, -0.114125, 1.4916, 0.0835154)
bone_idx = 5

[node name="BoneAttachment3D4" parent="xbot/RootNode/Skeleton3D" index="3"]
transform = Transform3D(0.78403, 0.588317, 0.19794, -0.61871, 0.76635, 0.172932, -0.0499524, -0.258051, 0.964839, 0.149386, 0.762319, -0.203182)
bone_idx = 12

[node name="BoneAttachment3D5" parent="xbot/RootNode/Skeleton3D" index="4"]
transform = Transform3D(0.948053, 0.307364, 0.0819982, -0.318016, 0.922143, 0.220272, -0.00791025, -0.234906, 0.971986, 0.234884, 0.760979, -0.253064)
bone_idx = 15

[node name="BoneAttachment3D6" parent="xbot/RootNode/Skeleton3D" index="5"]
transform = Transform3D(0.954131, 0.288259, 0.0808812, -0.299133, 0.929073, 0.217585, -0.0124235, -0.231798, 0.972685, 0.236987, 0.756974, -0.276759)
bone_idx = 18

[node name="BoneAttachment3D7" parent="xbot/RootNode/Skeleton3D" index="6"]
transform = Transform3D(0.954787, 0.286287, 0.0801351, -0.297042, 0.929714, 0.217713, -0.012174, -0.231673, 0.972718, 0.224681, 0.75856, -0.294259)
bone_idx = 21

[node name="BoneAttachment3D8" parent="xbot/RootNode/Skeleton3D" index="7"]
transform = Transform3D(0.966416, 0.24842, 0.0657929, -0.256882, 0.941067, 0.220012, -0.00725995, -0.229525, 0.973276, 0.207184, 0.760757, -0.311101)
bone_idx = 24

[node name="BoneAttachment3D9" parent="xbot/RootNode/Skeleton3D" index="8"]
transform = Transform3D(-0.498718, 0.301032, 0.81281, 0.661269, 0.738398, 0.132264, -0.560361, 0.603448, -0.567315, -0.223221, 0.698598, 0.432206)
bone_idx = 31

[node name="BoneAttachment3D10" parent="xbot/RootNode/Skeleton3D" index="9"]
transform = Transform3D(-0.498718, 0.301032, 0.81281, 0.661269, 0.738398, 0.132264, -0.560361, 0.603448, -0.567315, -0.199104, 0.695161, 0.431747)
bone_idx = 34

[node name="BoneAttachment3D11" parent="xbot/RootNode/Skeleton3D" index="10"]
transform = Transform3D(-0.498718, 0.301032, 0.81281, 0.661269, 0.738398, 0.132264, -0.560361, 0.603448, -0.567315, -0.178893, 0.691429, 0.426959)
bone_idx = 37

[node name="BoneAttachment3D12" parent="xbot/RootNode/Skeleton3D" index="11"]
transform = Transform3D(-0.498718, 0.301032, 0.81281, 0.661269, 0.738398, 0.132264, -0.560361, 0.603448, -0.567315, -0.16464, 0.694001, 0.408138)
bone_idx = 40

[node name="BoneAttachment3D13" parent="xbot/RootNode/Skeleton3D" index="12"]
transform = Transform3D(-0.498718, 0.301032, 0.81281, 0.661269, 0.738398, 0.132264, -0.560361, 0.603448, -0.567315, -0.183514, 0.714586, 0.318587)
bone_idx = 43

[node name="BoneAttachment3D14" parent="xbot/RootNode/Skeleton3D" index="13"]
transform = Transform3D(0.780177, 0.544492, 0.307981, -0.406281, 0.815398, -0.412385, -0.475668, 0.196606, 0.857372, 0.233096, -0.00904658, 0.0157385)
bone_idx = 47

[node name="BoneAttachment3D15" parent="xbot/RootNode/Skeleton3D" index="14"]
transform = Transform3D(0.669906, 0.385531, 0.634502, -0.0154771, 0.861676, -0.507223, -0.742285, 0.329972, 0.583208, -0.186208, -0.0231151, 0.108243)
bone_idx = 51

[editable path="wave_hip_hop_dance1"]
[editable path="three-vrm-girl"]
[editable path="skelman"]
[editable path="SK_female_doll"]
[editable path="xbot"]
