[gd_scene load_steps=40 format=3 uid="uid://bf18vqvlfh0wu"]

[ext_resource type="PackedScene" uid="uid://d48fy4uvwp3n" path="res://art/SK_female_doll/female_doll_2022_03_05_03.glb" id="1_3cj5j"]
[ext_resource type="PackedScene" uid="uid://cwux7wfrl0ecn" path="res://ANIM_play_violin/xbot@Playing The Violin.glb" id="1_4o1ja"]
[ext_resource type="PackedScene" uid="uid://dy3caiksoimde" path="res://text/Animation Retargeting.svg" id="1_74755"]
[ext_resource type="PackedScene" uid="uid://bs5gn273fx8pa" path="res://art/SK_three_girl/three-vrm-girl.vrm" id="1_lob4k"]
[ext_resource type="PackedScene" uid="uid://bb452kv4mivyt" path="res://text/ANIM_wave_hip_hop_dance.gltf.glb" id="1_ykigl"]
[ext_resource type="PackedScene" uid="uid://obj2fk1kynfy" path="res://art/SK_female_doll/SK_female_doll.vrm" id="2_j0i1k"]
[ext_resource type="RetargetBoneMap" uid="uid://be7mocsvdcbr0" path="res://models/violin_vrm_map.tres" id="2_mk8hq"]
[ext_resource type="RetargetRichProfile" uid="uid://b2pjclia5lmhq" path="res://profiles/gd_humanoid.tres" id="2_og74m"]
[ext_resource type="RetargetBoneMap" uid="uid://cce134pih6sq6" path="res://models/mixamo_map.tres" id="4_c57ry"]
[ext_resource type="RetargetBoneMap" uid="uid://c0bu03vcbuadc" path="res://models/three_girl_vrm_map.tres" id="4_kr0sw"]
[ext_resource type="PackedScene" uid="uid://bs7esjhiwaba2" path="res://text/Mixamo.svg" id="6_7qcml"]
[ext_resource type="PackedScene" uid="uid://krcnssh1qy20" path="res://ANIM_hip_hop/wave_hip_hop_dance1.glb" id="6_bif58"]
[ext_resource type="RetargetBoneMap" uid="uid://b41gxip8w12xa" path="res://models/female_doll_map.tres" id="6_j7qga"]
[ext_resource type="PackedScene" uid="uid://baftw5t4666kr" path="res://text/VRM.gltf.glb" id="7_1bhhg"]
[ext_resource type="PackedScene" uid="uid://yma6e5nmqpis" path="res://art/xbox/xbot.glb" id="7_2t60k"]

[sub_resource type="ProceduralSkyMaterial" id="ProceduralSkyMaterial_880m6"]
sky_horizon_color = Color(0.64625, 0.65575, 0.67075, 1)
ground_horizon_color = Color(0.64625, 0.65575, 0.67075, 1)

[sub_resource type="Sky" id="Sky_px0re"]
sky_material = SubResource( "ProceduralSkyMaterial_880m6" )

[sub_resource type="Environment" id="Environment_g3xgb"]
background_mode = 2
sky = SubResource( "Sky_px0re" )
tonemap_mode = 2
sdfgi_enabled = true
sdfgi_use_occlusion = true
sdfgi_cascades = 1
sdfgi_min_cell_size = 31.25
sdfgi_cascade0_distance = 2000.0
sdfgi_max_distance = 4000.0
sdfgi_y_scale = 0
glow_enabled = true

[sub_resource type="Animation" id="Animation_s4n1y"]
tracks/0/type = "blend_shape"
tracks/0/imported = false
tracks/0/enabled = true
tracks/0/path = NodePath("Root/Skeleton3D/Face:morph_32")
tracks/0/interp = 1
tracks/0/loop_wrap = true
tracks/0/keys = PackedFloat32Array(0, 1, 0, 1, 1, 0.99999)
tracks/1/type = "rotation_3d"
tracks/1/imported = true
tracks/1/enabled = true
tracks/1/path = NodePath("Root/Skeleton3D:J_Adj_L_FaceEye")
tracks/1/interp = 1
tracks/1/loop_wrap = true
tracks/1/keys = PackedFloat32Array(0, 1, 0, 0, 0, 1)
tracks/2/type = "rotation_3d"
tracks/2/imported = true
tracks/2/enabled = true
tracks/2/path = NodePath("Root/Skeleton3D:J_Adj_R_FaceEye")
tracks/2/interp = 1
tracks/2/loop_wrap = true
tracks/2/keys = PackedFloat32Array(0, 1, 0, 0, 0, 1)
tracks/3/type = "scale_3d"
tracks/3/imported = true
tracks/3/enabled = true
tracks/3/path = NodePath("Root/Skeleton3D:J_Bip_C_Head")
tracks/3/interp = 1
tracks/3/loop_wrap = true
tracks/3/keys = PackedFloat32Array(0, 1, 1, 1, 1)

[sub_resource type="Animation" id="Animation_3j6h0"]
tracks/0/type = "blend_shape"
tracks/0/imported = false
tracks/0/enabled = true
tracks/0/path = NodePath("Root/Skeleton3D/Face:morph_0")
tracks/0/interp = 1
tracks/0/loop_wrap = true
tracks/0/keys = PackedFloat32Array(0, 1, 0, 1, 1, 0.99999)
tracks/1/type = "rotation_3d"
tracks/1/imported = true
tracks/1/enabled = true
tracks/1/path = NodePath("Root/Skeleton3D:J_Adj_L_FaceEye")
tracks/1/interp = 1
tracks/1/loop_wrap = true
tracks/1/keys = PackedFloat32Array(0, 1, 0, 0, 0, 1)
tracks/2/type = "rotation_3d"
tracks/2/imported = true
tracks/2/enabled = true
tracks/2/path = NodePath("Root/Skeleton3D:J_Adj_R_FaceEye")
tracks/2/interp = 1
tracks/2/loop_wrap = true
tracks/2/keys = PackedFloat32Array(0, 1, 0, 0, 0, 1)
tracks/3/type = "scale_3d"
tracks/3/imported = true
tracks/3/enabled = true
tracks/3/path = NodePath("Root/Skeleton3D:J_Bip_C_Head")
tracks/3/interp = 1
tracks/3/loop_wrap = true
tracks/3/keys = PackedFloat32Array(0, 1, 1, 1, 1)

[sub_resource type="Animation" id="Animation_onxpl"]
tracks/0/type = "blend_shape"
tracks/0/imported = false
tracks/0/enabled = true
tracks/0/path = NodePath("Root/Skeleton3D/Face:morph_12")
tracks/0/interp = 1
tracks/0/loop_wrap = true
tracks/0/keys = PackedFloat32Array(0, 1, 0, 1, 1, 0.99999)
tracks/1/type = "rotation_3d"
tracks/1/imported = true
tracks/1/enabled = true
tracks/1/path = NodePath("Root/Skeleton3D:J_Adj_L_FaceEye")
tracks/1/interp = 1
tracks/1/loop_wrap = true
tracks/1/keys = PackedFloat32Array(0, 1, 0, 0, 0, 1)
tracks/2/type = "rotation_3d"
tracks/2/imported = true
tracks/2/enabled = true
tracks/2/path = NodePath("Root/Skeleton3D:J_Adj_R_FaceEye")
tracks/2/interp = 1
tracks/2/loop_wrap = true
tracks/2/keys = PackedFloat32Array(0, 1, 0, 0, 0, 1)
tracks/3/type = "scale_3d"
tracks/3/imported = true
tracks/3/enabled = true
tracks/3/path = NodePath("Root/Skeleton3D:J_Bip_C_Head")
tracks/3/interp = 1
tracks/3/loop_wrap = true
tracks/3/keys = PackedFloat32Array(0, 1, 1, 1, 1)

[sub_resource type="Animation" id="Animation_4pmi5"]
tracks/0/type = "blend_shape"
tracks/0/imported = false
tracks/0/enabled = true
tracks/0/path = NodePath("Root/Skeleton3D/Face:morph_14")
tracks/0/interp = 1
tracks/0/loop_wrap = true
tracks/0/keys = PackedFloat32Array(0, 1, 0, 1, 1, 0.99999)
tracks/1/type = "rotation_3d"
tracks/1/imported = true
tracks/1/enabled = true
tracks/1/path = NodePath("Root/Skeleton3D:J_Adj_L_FaceEye")
tracks/1/interp = 1
tracks/1/loop_wrap = true
tracks/1/keys = PackedFloat32Array(0, 1, 0, 0, 0, 1)
tracks/2/type = "rotation_3d"
tracks/2/imported = true
tracks/2/enabled = true
tracks/2/path = NodePath("Root/Skeleton3D:J_Adj_R_FaceEye")
tracks/2/interp = 1
tracks/2/loop_wrap = true
tracks/2/keys = PackedFloat32Array(0, 1, 0, 0, 0, 1)
tracks/3/type = "scale_3d"
tracks/3/imported = true
tracks/3/enabled = true
tracks/3/path = NodePath("Root/Skeleton3D:J_Bip_C_Head")
tracks/3/interp = 1
tracks/3/loop_wrap = true
tracks/3/keys = PackedFloat32Array(0, 1, 1, 1, 1)

[sub_resource type="Animation" id="Animation_3dt5b"]
tracks/0/type = "blend_shape"
tracks/0/imported = false
tracks/0/enabled = true
tracks/0/path = NodePath("Root/Skeleton3D/Face:morph_13")
tracks/0/interp = 1
tracks/0/loop_wrap = true
tracks/0/keys = PackedFloat32Array(0, 1, 0, 1, 1, 0.99999)
tracks/1/type = "rotation_3d"
tracks/1/imported = true
tracks/1/enabled = true
tracks/1/path = NodePath("Root/Skeleton3D:J_Adj_L_FaceEye")
tracks/1/interp = 1
tracks/1/loop_wrap = true
tracks/1/keys = PackedFloat32Array(0, 1, 0, 0, 0, 1)
tracks/2/type = "rotation_3d"
tracks/2/imported = true
tracks/2/enabled = true
tracks/2/path = NodePath("Root/Skeleton3D:J_Adj_R_FaceEye")
tracks/2/interp = 1
tracks/2/loop_wrap = true
tracks/2/keys = PackedFloat32Array(0, 1, 0, 0, 0, 1)
tracks/3/type = "scale_3d"
tracks/3/imported = true
tracks/3/enabled = true
tracks/3/path = NodePath("Root/Skeleton3D:J_Bip_C_Head")
tracks/3/interp = 1
tracks/3/loop_wrap = true
tracks/3/keys = PackedFloat32Array(0, 1, 1, 1, 1)

[sub_resource type="Animation" id="Animation_xmybx"]
tracks/0/type = "blend_shape"
tracks/0/imported = false
tracks/0/enabled = true
tracks/0/path = NodePath("Root/Skeleton3D/Face:morph_35")
tracks/0/interp = 1
tracks/0/loop_wrap = true
tracks/0/keys = PackedFloat32Array(0, 1, 0, 1, 1, 0.99999)
tracks/1/type = "rotation_3d"
tracks/1/imported = true
tracks/1/enabled = true
tracks/1/path = NodePath("Root/Skeleton3D:J_Adj_L_FaceEye")
tracks/1/interp = 1
tracks/1/loop_wrap = true
tracks/1/keys = PackedFloat32Array(0, 1, 0, 0, 0, 1)
tracks/2/type = "rotation_3d"
tracks/2/imported = true
tracks/2/enabled = true
tracks/2/path = NodePath("Root/Skeleton3D:J_Adj_R_FaceEye")
tracks/2/interp = 1
tracks/2/loop_wrap = true
tracks/2/keys = PackedFloat32Array(0, 1, 0, 0, 0, 1)
tracks/3/type = "scale_3d"
tracks/3/imported = true
tracks/3/enabled = true
tracks/3/path = NodePath("Root/Skeleton3D:J_Bip_C_Head")
tracks/3/interp = 1
tracks/3/loop_wrap = true
tracks/3/keys = PackedFloat32Array(0, 1, 1, 1, 1)

[sub_resource type="Animation" id="Animation_n3wx3"]
tracks/0/type = "blend_shape"
tracks/0/imported = false
tracks/0/enabled = true
tracks/0/path = NodePath("Root/Skeleton3D/Face:morph_20")
tracks/0/interp = 1
tracks/0/loop_wrap = true
tracks/0/keys = PackedFloat32Array(0, 1, 0, 1, 1, 0.99999)
tracks/1/type = "blend_shape"
tracks/1/imported = false
tracks/1/enabled = true
tracks/1/path = NodePath("Root/Skeleton3D/EyeExtra:morph_0")
tracks/1/interp = 1
tracks/1/loop_wrap = true
tracks/1/keys = PackedFloat32Array(0, 1, 0, 1, 1, 0.99999)
tracks/2/type = "rotation_3d"
tracks/2/imported = true
tracks/2/enabled = true
tracks/2/path = NodePath("Root/Skeleton3D:J_Adj_L_FaceEye")
tracks/2/interp = 1
tracks/2/loop_wrap = true
tracks/2/keys = PackedFloat32Array(0, 1, 0, 0, 0, 1)
tracks/3/type = "rotation_3d"
tracks/3/imported = true
tracks/3/enabled = true
tracks/3/path = NodePath("Root/Skeleton3D:J_Adj_R_FaceEye")
tracks/3/interp = 1
tracks/3/loop_wrap = true
tracks/3/keys = PackedFloat32Array(0, 1, 0, 0, 0, 1)
tracks/4/type = "scale_3d"
tracks/4/imported = true
tracks/4/enabled = true
tracks/4/path = NodePath("Root/Skeleton3D:J_Bip_C_Head")
tracks/4/interp = 1
tracks/4/loop_wrap = true
tracks/4/keys = PackedFloat32Array(0, 1, 1, 1, 1)

[sub_resource type="Animation" id="Animation_vok13"]
tracks/0/type = "blend_shape"
tracks/0/imported = false
tracks/0/enabled = true
tracks/0/path = NodePath("Root/Skeleton3D/Face:morph_1")
tracks/0/interp = 1
tracks/0/loop_wrap = true
tracks/0/keys = PackedFloat32Array(0, 1, 0, 1, 1, 0.99999)
tracks/1/type = "rotation_3d"
tracks/1/imported = true
tracks/1/enabled = true
tracks/1/path = NodePath("Root/Skeleton3D:J_Adj_L_FaceEye")
tracks/1/interp = 1
tracks/1/loop_wrap = true
tracks/1/keys = PackedFloat32Array(0, 1, 0, 0, 0, 1)
tracks/2/type = "rotation_3d"
tracks/2/imported = true
tracks/2/enabled = true
tracks/2/path = NodePath("Root/Skeleton3D:J_Adj_R_FaceEye")
tracks/2/interp = 1
tracks/2/loop_wrap = true
tracks/2/keys = PackedFloat32Array(0, 1, 0, 0, 0, 1)
tracks/3/type = "scale_3d"
tracks/3/imported = true
tracks/3/enabled = true
tracks/3/path = NodePath("Root/Skeleton3D:J_Bip_C_Head")
tracks/3/interp = 1
tracks/3/loop_wrap = true
tracks/3/keys = PackedFloat32Array(0, 1, 1, 1, 1)

[sub_resource type="Animation" id="Animation_40lw1"]
tracks/0/type = "scale_3d"
tracks/0/imported = false
tracks/0/enabled = true
tracks/0/path = NodePath("Root/Skeleton3D:J_Bip_C_Head")
tracks/0/interp = 1
tracks/0/loop_wrap = true
tracks/0/keys = PackedFloat32Array(0, 1, 1e-05, 1e-05, 1e-05)
tracks/1/type = "rotation_3d"
tracks/1/imported = true
tracks/1/enabled = true
tracks/1/path = NodePath("Root/Skeleton3D:J_Adj_L_FaceEye")
tracks/1/interp = 1
tracks/1/loop_wrap = true
tracks/1/keys = PackedFloat32Array(0, 1, 0, 0, 0, 1)
tracks/2/type = "rotation_3d"
tracks/2/imported = true
tracks/2/enabled = true
tracks/2/path = NodePath("Root/Skeleton3D:J_Adj_R_FaceEye")
tracks/2/interp = 1
tracks/2/loop_wrap = true
tracks/2/keys = PackedFloat32Array(0, 1, 0, 0, 0, 1)

[sub_resource type="Animation" id="Animation_r0kaq"]
tracks/0/type = "blend_shape"
tracks/0/imported = false
tracks/0/enabled = true
tracks/0/path = NodePath("Root/Skeleton3D/Face:morph_33")
tracks/0/interp = 1
tracks/0/loop_wrap = true
tracks/0/keys = PackedFloat32Array(0, 1, 0, 1, 1, 0.99999)
tracks/1/type = "rotation_3d"
tracks/1/imported = true
tracks/1/enabled = true
tracks/1/path = NodePath("Root/Skeleton3D:J_Adj_L_FaceEye")
tracks/1/interp = 1
tracks/1/loop_wrap = true
tracks/1/keys = PackedFloat32Array(0, 1, 0, 0, 0, 1)
tracks/2/type = "rotation_3d"
tracks/2/imported = true
tracks/2/enabled = true
tracks/2/path = NodePath("Root/Skeleton3D:J_Adj_R_FaceEye")
tracks/2/interp = 1
tracks/2/loop_wrap = true
tracks/2/keys = PackedFloat32Array(0, 1, 0, 0, 0, 1)
tracks/3/type = "scale_3d"
tracks/3/imported = true
tracks/3/enabled = true
tracks/3/path = NodePath("Root/Skeleton3D:J_Bip_C_Head")
tracks/3/interp = 1
tracks/3/loop_wrap = true
tracks/3/keys = PackedFloat32Array(0, 1, 1, 1, 1)

[sub_resource type="Animation" id="Animation_7h04n"]
tracks/0/type = "blend_shape"
tracks/0/imported = false
tracks/0/enabled = true
tracks/0/path = NodePath("Root/Skeleton3D/Face:morph_2")
tracks/0/interp = 1
tracks/0/loop_wrap = true
tracks/0/keys = PackedFloat32Array(0, 1, 0, 1, 1, 0.99999)
tracks/1/type = "rotation_3d"
tracks/1/imported = true
tracks/1/enabled = true
tracks/1/path = NodePath("Root/Skeleton3D:J_Adj_L_FaceEye")
tracks/1/interp = 1
tracks/1/loop_wrap = true
tracks/1/keys = PackedFloat32Array(0, 1, 0, 0, 0, 1)
tracks/2/type = "rotation_3d"
tracks/2/imported = true
tracks/2/enabled = true
tracks/2/path = NodePath("Root/Skeleton3D:J_Adj_R_FaceEye")
tracks/2/interp = 1
tracks/2/loop_wrap = true
tracks/2/keys = PackedFloat32Array(0, 1, 0, 0, 0, 1)
tracks/3/type = "scale_3d"
tracks/3/imported = true
tracks/3/enabled = true
tracks/3/path = NodePath("Root/Skeleton3D:J_Bip_C_Head")
tracks/3/interp = 1
tracks/3/loop_wrap = true
tracks/3/keys = PackedFloat32Array(0, 1, 1, 1, 1)

[sub_resource type="Animation" id="Animation_tqpsi"]
tracks/0/type = "rotation_3d"
tracks/0/imported = false
tracks/0/enabled = true
tracks/0/path = NodePath("Root/Skeleton3D:J_Adj_L_FaceEye")
tracks/0/interp = 1
tracks/0/loop_wrap = true
tracks/0/keys = PackedFloat32Array(0, 1, 0, 0, 0, 1, 1, 1, -0.0871557, 0, 0, 0.996195)
tracks/1/type = "rotation_3d"
tracks/1/imported = false
tracks/1/enabled = true
tracks/1/path = NodePath("Root/Skeleton3D:J_Adj_R_FaceEye")
tracks/1/interp = 1
tracks/1/loop_wrap = true
tracks/1/keys = PackedFloat32Array(0, 1, 0, 0, 0, 1, 1, 1, -0.0871557, 0, 0, 0.996195)
tracks/2/type = "scale_3d"
tracks/2/imported = true
tracks/2/enabled = true
tracks/2/path = NodePath("Root/Skeleton3D:J_Bip_C_Head")
tracks/2/interp = 1
tracks/2/loop_wrap = true
tracks/2/keys = PackedFloat32Array(0, 1, 1, 1, 1)

[sub_resource type="Animation" id="Animation_2sql8"]
tracks/0/type = "rotation_3d"
tracks/0/imported = false
tracks/0/enabled = true
tracks/0/path = NodePath("Root/Skeleton3D:J_Adj_L_FaceEye")
tracks/0/interp = 1
tracks/0/loop_wrap = true
tracks/0/keys = PackedFloat32Array(0, 1, 0, 0, 0, 1, 1, 1, 0, 0.104528, 0, 0.994522)
tracks/1/type = "rotation_3d"
tracks/1/imported = false
tracks/1/enabled = true
tracks/1/path = NodePath("Root/Skeleton3D:J_Adj_R_FaceEye")
tracks/1/interp = 1
tracks/1/loop_wrap = true
tracks/1/keys = PackedFloat32Array(0, 1, 0, 0, 0, 1, 1, 1, 0, 0.0697564, 0, 0.997564)
tracks/2/type = "scale_3d"
tracks/2/imported = true
tracks/2/enabled = true
tracks/2/path = NodePath("Root/Skeleton3D:J_Bip_C_Head")
tracks/2/interp = 1
tracks/2/loop_wrap = true
tracks/2/keys = PackedFloat32Array(0, 1, 1, 1, 1)

[sub_resource type="Animation" id="Animation_ar8pm"]
tracks/0/type = "rotation_3d"
tracks/0/imported = false
tracks/0/enabled = true
tracks/0/path = NodePath("Root/Skeleton3D:J_Adj_L_FaceEye")
tracks/0/interp = 1
tracks/0/loop_wrap = true
tracks/0/keys = PackedFloat32Array(0, 1, 0, 0, 0, 1, 1, 1, 0, -0.0697564, 0, 0.997564)
tracks/1/type = "rotation_3d"
tracks/1/imported = false
tracks/1/enabled = true
tracks/1/path = NodePath("Root/Skeleton3D:J_Adj_R_FaceEye")
tracks/1/interp = 1
tracks/1/loop_wrap = true
tracks/1/keys = PackedFloat32Array(0, 1, 0, 0, 0, 1, 1, 1, 0, -0.104528, 0, 0.994522)
tracks/2/type = "scale_3d"
tracks/2/imported = true
tracks/2/enabled = true
tracks/2/path = NodePath("Root/Skeleton3D:J_Bip_C_Head")
tracks/2/interp = 1
tracks/2/loop_wrap = true
tracks/2/keys = PackedFloat32Array(0, 1, 1, 1, 1)

[sub_resource type="Animation" id="Animation_bjuia"]
tracks/0/type = "rotation_3d"
tracks/0/imported = false
tracks/0/enabled = true
tracks/0/path = NodePath("Root/Skeleton3D:J_Adj_L_FaceEye")
tracks/0/interp = 1
tracks/0/loop_wrap = true
tracks/0/keys = PackedFloat32Array(0, 1, 0, 0, 0, 1, 1, 1, 0.0871557, 0, 0, 0.996195)
tracks/1/type = "rotation_3d"
tracks/1/imported = false
tracks/1/enabled = true
tracks/1/path = NodePath("Root/Skeleton3D:J_Adj_R_FaceEye")
tracks/1/interp = 1
tracks/1/loop_wrap = true
tracks/1/keys = PackedFloat32Array(0, 1, 0, 0, 0, 1, 1, 1, 0.0871557, 0, 0, 0.996195)
tracks/2/type = "scale_3d"
tracks/2/imported = true
tracks/2/enabled = true
tracks/2/path = NodePath("Root/Skeleton3D:J_Bip_C_Head")
tracks/2/interp = 1
tracks/2/loop_wrap = true
tracks/2/keys = PackedFloat32Array(0, 1, 1, 1, 1)

[sub_resource type="Animation" id="Animation_k0caf"]
tracks/0/type = "rotation_3d"
tracks/0/imported = true
tracks/0/enabled = true
tracks/0/path = NodePath("Root/Skeleton3D:J_Adj_L_FaceEye")
tracks/0/interp = 1
tracks/0/loop_wrap = true
tracks/0/keys = PackedFloat32Array(0, 1, 0, 0, 0, 1)
tracks/1/type = "rotation_3d"
tracks/1/imported = true
tracks/1/enabled = true
tracks/1/path = NodePath("Root/Skeleton3D:J_Adj_R_FaceEye")
tracks/1/interp = 1
tracks/1/loop_wrap = true
tracks/1/keys = PackedFloat32Array(0, 1, 0, 0, 0, 1)
tracks/2/type = "scale_3d"
tracks/2/imported = true
tracks/2/enabled = true
tracks/2/path = NodePath("Root/Skeleton3D:J_Bip_C_Head")
tracks/2/interp = 1
tracks/2/loop_wrap = true
tracks/2/keys = PackedFloat32Array(0, 1, 1, 1, 1)

[sub_resource type="Animation" id="Animation_5mbi1"]
tracks/0/type = "blend_shape"
tracks/0/imported = false
tracks/0/enabled = true
tracks/0/path = NodePath("Root/Skeleton3D/Face:morph_36")
tracks/0/interp = 1
tracks/0/loop_wrap = true
tracks/0/keys = PackedFloat32Array(0, 1, 0, 1, 1, 0.99999)
tracks/1/type = "rotation_3d"
tracks/1/imported = true
tracks/1/enabled = true
tracks/1/path = NodePath("Root/Skeleton3D:J_Adj_L_FaceEye")
tracks/1/interp = 1
tracks/1/loop_wrap = true
tracks/1/keys = PackedFloat32Array(0, 1, 0, 0, 0, 1)
tracks/2/type = "rotation_3d"
tracks/2/imported = true
tracks/2/enabled = true
tracks/2/path = NodePath("Root/Skeleton3D:J_Adj_R_FaceEye")
tracks/2/interp = 1
tracks/2/loop_wrap = true
tracks/2/keys = PackedFloat32Array(0, 1, 0, 0, 0, 1)
tracks/3/type = "scale_3d"
tracks/3/imported = true
tracks/3/enabled = true
tracks/3/path = NodePath("Root/Skeleton3D:J_Bip_C_Head")
tracks/3/interp = 1
tracks/3/loop_wrap = true
tracks/3/keys = PackedFloat32Array(0, 1, 1, 1, 1)

[sub_resource type="Animation" id="Animation_js6xw"]
tracks/0/type = "blend_shape"
tracks/0/imported = false
tracks/0/enabled = true
tracks/0/path = NodePath("Root/Skeleton3D/Face:morph_3")
tracks/0/interp = 1
tracks/0/loop_wrap = true
tracks/0/keys = PackedFloat32Array(0, 1, 0, 1, 1, 0.99999)
tracks/1/type = "rotation_3d"
tracks/1/imported = true
tracks/1/enabled = true
tracks/1/path = NodePath("Root/Skeleton3D:J_Adj_L_FaceEye")
tracks/1/interp = 1
tracks/1/loop_wrap = true
tracks/1/keys = PackedFloat32Array(0, 1, 0, 0, 0, 1)
tracks/2/type = "rotation_3d"
tracks/2/imported = true
tracks/2/enabled = true
tracks/2/path = NodePath("Root/Skeleton3D:J_Adj_R_FaceEye")
tracks/2/interp = 1
tracks/2/loop_wrap = true
tracks/2/keys = PackedFloat32Array(0, 1, 0, 0, 0, 1)
tracks/3/type = "scale_3d"
tracks/3/imported = true
tracks/3/enabled = true
tracks/3/path = NodePath("Root/Skeleton3D:J_Bip_C_Head")
tracks/3/interp = 1
tracks/3/loop_wrap = true
tracks/3/keys = PackedFloat32Array(0, 1, 1, 1, 1)

[sub_resource type="Animation" id="Animation_hfm1h"]
tracks/0/type = "blend_shape"
tracks/0/imported = false
tracks/0/enabled = true
tracks/0/path = NodePath("Root/Skeleton3D/Face:morph_4")
tracks/0/interp = 1
tracks/0/loop_wrap = true
tracks/0/keys = PackedFloat32Array(0, 1, 0, 1, 1, 0.99999)
tracks/1/type = "rotation_3d"
tracks/1/imported = true
tracks/1/enabled = true
tracks/1/path = NodePath("Root/Skeleton3D:J_Adj_L_FaceEye")
tracks/1/interp = 1
tracks/1/loop_wrap = true
tracks/1/keys = PackedFloat32Array(0, 1, 0, 0, 0, 1)
tracks/2/type = "rotation_3d"
tracks/2/imported = true
tracks/2/enabled = true
tracks/2/path = NodePath("Root/Skeleton3D:J_Adj_R_FaceEye")
tracks/2/interp = 1
tracks/2/loop_wrap = true
tracks/2/keys = PackedFloat32Array(0, 1, 0, 0, 0, 1)
tracks/3/type = "scale_3d"
tracks/3/imported = true
tracks/3/enabled = true
tracks/3/path = NodePath("Root/Skeleton3D:J_Bip_C_Head")
tracks/3/interp = 1
tracks/3/loop_wrap = true
tracks/3/keys = PackedFloat32Array(0, 1, 1, 1, 1)

[sub_resource type="Animation" id="Animation_osuf2"]
tracks/0/type = "scale_3d"
tracks/0/imported = false
tracks/0/enabled = true
tracks/0/path = NodePath("Root/Skeleton3D:J_Bip_C_Head")
tracks/0/interp = 1
tracks/0/loop_wrap = true
tracks/0/keys = PackedFloat32Array(0, 1, 1, 1, 1)
tracks/1/type = "rotation_3d"
tracks/1/imported = true
tracks/1/enabled = true
tracks/1/path = NodePath("Root/Skeleton3D:J_Adj_L_FaceEye")
tracks/1/interp = 1
tracks/1/loop_wrap = true
tracks/1/keys = PackedFloat32Array(0, 1, 0, 0, 0, 1)
tracks/2/type = "rotation_3d"
tracks/2/imported = true
tracks/2/enabled = true
tracks/2/path = NodePath("Root/Skeleton3D:J_Adj_R_FaceEye")
tracks/2/interp = 1
tracks/2/loop_wrap = true
tracks/2/keys = PackedFloat32Array(0, 1, 0, 0, 0, 1)

[sub_resource type="Animation" id="Animation_83syt"]
tracks/0/type = "blend_shape"
tracks/0/imported = false
tracks/0/enabled = true
tracks/0/path = NodePath("Root/Skeleton3D/Face:morph_34")
tracks/0/interp = 1
tracks/0/loop_wrap = true
tracks/0/keys = PackedFloat32Array(0, 1, 0, 1, 1, 0.99999)
tracks/1/type = "rotation_3d"
tracks/1/imported = true
tracks/1/enabled = true
tracks/1/path = NodePath("Root/Skeleton3D:J_Adj_L_FaceEye")
tracks/1/interp = 1
tracks/1/loop_wrap = true
tracks/1/keys = PackedFloat32Array(0, 1, 0, 0, 0, 1)
tracks/2/type = "rotation_3d"
tracks/2/imported = true
tracks/2/enabled = true
tracks/2/path = NodePath("Root/Skeleton3D:J_Adj_R_FaceEye")
tracks/2/interp = 1
tracks/2/loop_wrap = true
tracks/2/keys = PackedFloat32Array(0, 1, 0, 0, 0, 1)
tracks/3/type = "scale_3d"
tracks/3/imported = true
tracks/3/enabled = true
tracks/3/path = NodePath("Root/Skeleton3D:J_Bip_C_Head")
tracks/3/interp = 1
tracks/3/loop_wrap = true
tracks/3/keys = PackedFloat32Array(0, 1, 1, 1, 1)

[node name="Node3D" type="Node3D"]

[node name="DirectionalLight3D" type="DirectionalLight3D" parent="."]
transform = Transform3D(-0.866023, -0.433016, 0.250001, 0, 0.499998, 0.866027, -0.500003, 0.749999, -0.43301, 0, 0, 0)
shadow_enabled = true
directional_shadow_max_distance = 250.0

[node name="WorldEnvironment" type="WorldEnvironment" parent="."]
environment = SubResource( "Environment_g3xgb" )

[node name="Animations" type="Node3D" parent="."]

[node name="wave_hip_hop_dance1" parent="Animations" instance=ExtResource( "6_bif58" )]
transform = Transform3D(1, 0, 0, 0, 1, 0, 0, 0, 1, -3.32818, 0, 0)

[node name="Skeleton3D" parent="Animations/wave_hip_hop_dance1/RootNode/Armature" index="0"]
bones/0/position = Vector3(-0.196887, 0.914914, 0.0749386)
bones/0/rotation = Quaternion(-0.027029, 0.364914, -0.140054, 0.92005)
bones/1/rotation = Quaternion(0.0335584, 0.0651351, 0.111474, 0.991062)
bones/2/rotation = Quaternion(0.010447, 0.00930984, -0.00200027, 0.9999)
bones/3/rotation = Quaternion(0.0106855, 0.00905449, -0.00191055, 0.9999)
bones/4/rotation = Quaternion(-0.0163846, 0.015246, 0.0350243, 0.999136)
bones/6/rotation = Quaternion(0.0794446, 0.136279, -0.0592821, 0.985699)
bones/7/rotation = Quaternion(0.00206266, 0.00648693, -0.000881301, 0.999976)
bones/8/rotation = Quaternion(0.222356, -0.234547, -0.44789, 0.833631)
bones/9/rotation = Quaternion(1.76428e-07, -0.135967, 1.23659e-07, 0.990713)
bones/10/rotation = Quaternion(0.0522759, 0.0406443, 0.121425, 0.990389)
bones/14/rotation = Quaternion(2.95303e-05, -0.0204668, 0.0278254, 0.999403)
bones/15/rotation = Quaternion(5.49088e-08, 0.000346823, -0.0195748, 0.999808)
bones/16/rotation = Quaternion(3.91656e-07, 0.0006351, -0.0358452, 0.999357)
bones/17/rotation = Quaternion(-0.00104229, -0.0214115, 0.0814652, 0.996446)
bones/18/rotation = Quaternion(7.44007e-05, -0.00294894, 0.0003025, 0.999995)
bones/19/rotation = Quaternion(-2.51858e-09, -0.000208083, 0.0117451, 0.999931)
bones/20/rotation = Quaternion(0.00112369, -0.0194831, -0.0269702, 0.999446)
bones/21/rotation = Quaternion(-7.51418e-08, 0.00139134, -0.0785246, 0.996911)
bones/22/rotation = Quaternion(-4.1947e-09, 0.00175128, -0.0988374, 0.995102)
bones/23/rotation = Quaternion(0.00583079, 0.0173275, -0.0937097, 0.995432)
bones/24/rotation = Quaternion(0.00470084, -0.0330482, -0.132773, 0.990584)
bones/25/rotation = Quaternion(1.4206e-08, 0.00274446, -0.15489, 0.987928)
bones/26/rotation = Quaternion(0.0226668, 0.226306, 0.0337796, 0.973207)
bones/27/rotation = Quaternion(0.198752, -0.0403429, 0.423717, 0.882799)
bones/28/rotation = Quaternion(-5.00778e-07, 0.0843773, -7.02556e-08, 0.996434)
bones/29/rotation = Quaternion(0.350685, 0.00715923, 0.192485, 0.916471)
bones/33/rotation = Quaternion(0.00314315, 0.012966, 0.143415, 0.989573)
bones/34/rotation = Quaternion(-4.57205e-08, -0.00584251, 0.14654, 0.989187)
bones/35/rotation = Quaternion(-7.14327e-09, -0.00438795, 0.110055, 0.993916)
bones/36/rotation = Quaternion(0.00299221, 0.0133096, 0.135422, 0.990694)
bones/37/rotation = Quaternion(6.06626e-08, -0.00717772, 0.18003, 0.983635)
bones/38/rotation = Quaternion(-1.21614e-08, -0.00643776, 0.161472, 0.986856)
bones/39/rotation = Quaternion(0.00354716, 0.0120404, 0.164811, 0.986246)
bones/40/rotation = Quaternion(-2.64659e-07, -0.00898596, 0.225384, 0.974229)
bones/41/rotation = Quaternion(1.6596e-08, -0.00873745, 0.21915, 0.975652)
bones/42/rotation = Quaternion(0.00478611, 0.00914072, 0.230518, 0.973013)
bones/43/rotation = Quaternion(-5.16884e-08, -0.010849, 0.272113, 0.962204)
bones/44/rotation = Quaternion(5.34416e-09, -0.0104104, 0.26111, 0.965253)
bones/45/rotation = Quaternion(-0.321725, 0.207928, 0.29333, 0.875909)
bones/46/rotation = Quaternion(0.245151, 0.0756403, -0.0073573, 0.966502)
bones/47/rotation = Quaternion(0.0567251, 0.113364, -0.113546, 0.985413)
bones/48/rotation = Quaternion(-4.24305e-05, 1.22748e-08, 2.10896e-08, 1)
bones/49/rotation = Quaternion(-0.0166528, 0.037025, 0.0929986, 0.994838)
bones/50/rotation = Quaternion(0.122924, 0.0292518, 0.0223767, 0.991733)
bones/51/rotation = Quaternion(-0.141905, -0.000472546, 0.0193868, 0.98969)
bones/52/rotation = Quaternion(-0.000399045, -1.57043e-07, 7.66038e-05, 1)

[node name="BoneAttachment3D" parent="Animations/wave_hip_hop_dance1/RootNode/Armature/Skeleton3D" index="0"]
transform = Transform3D(0.341777, 0.297572, 0.891425, -0.0265374, 0.951223, -0.307359, -0.939406, 0.0813923, 0.333003, -0.118656, 1.52436, 0.0850241)
bone_idx = 6

[node name="BoneAttachment3D2" parent="Animations/wave_hip_hop_dance1/RootNode/Armature/Skeleton3D" index="1"]
transform = Transform3D(0.341777, 0.297572, 0.891425, -0.0265374, 0.951223, -0.307359, -0.939406, 0.0813923, 0.333003, -0.118656, 1.52436, 0.0850241)
bone_idx = 6

[node name="BoneAttachment3D3" parent="Animations/wave_hip_hop_dance1/RootNode/Armature/Skeleton3D" index="2"]
transform = Transform3D(0.671397, 0.694222, 0.259384, -0.627447, 0.718737, -0.299544, -0.394379, 0.0383631, 0.918146, 0.174672, 0.766698, -0.174051)
bone_idx = 13

[node name="BoneAttachment3D4" parent="Animations/wave_hip_hop_dance1/RootNode/Armature/Skeleton3D" index="3"]
transform = Transform3D(0.671397, 0.694222, 0.259384, -0.627447, 0.718737, -0.299544, -0.394379, 0.0383631, 0.918146, 0.174672, 0.766698, -0.174051)
bone_idx = 13

[node name="BoneAttachment3D5" parent="Animations/wave_hip_hop_dance1/RootNode/Armature/Skeleton3D" index="4"]
transform = Transform3D(0.506571, 0.859735, 0.0651149, -0.851879, 0.510728, -0.116009, -0.132993, 0.00329655, 0.991111, 0.248068, 0.723855, -0.233588)
bone_idx = 16

[node name="BoneAttachment3D6" parent="Animations/wave_hip_hop_dance1/RootNode/Armature/Skeleton3D" index="5"]
transform = Transform3D(0.506571, 0.859735, 0.0651149, -0.851879, 0.510728, -0.116009, -0.132993, 0.00329655, 0.991111, 0.248068, 0.723855, -0.233588)
bone_idx = 16

[node name="BoneAttachment3D7" parent="Animations/wave_hip_hop_dance1/RootNode/Armature/Skeleton3D" index="6"]
transform = Transform3D(0.698777, 0.712954, 0.0583664, -0.705504, 0.700355, -0.10847, -0.118212, 0.0346185, 0.992384, 0.254863, 0.732536, -0.209657)
bone_idx = 19

[node name="BoneAttachment3D8" parent="Animations/wave_hip_hop_dance1/RootNode/Armature/Skeleton3D" index="7"]
transform = Transform3D(0.698777, 0.712954, 0.0583664, -0.705504, 0.700355, -0.10847, -0.118212, 0.0346185, 0.992384, 0.254863, 0.732536, -0.209657)
bone_idx = 19

[node name="BoneAttachment3D9" parent="Animations/wave_hip_hop_dance1/RootNode/Armature/Skeleton3D" index="8"]
transform = Transform3D(0.176746, 0.981955, 0.0672617, -0.975373, 0.183902, -0.121768, -0.13194, -0.0440835, 0.990276, 0.228374, 0.722189, -0.255933)
bone_idx = 22

[node name="BoneAttachment3D10" parent="Animations/wave_hip_hop_dance1/RootNode/Armature/Skeleton3D" index="9"]
transform = Transform3D(0.176746, 0.981955, 0.0672617, -0.975373, 0.183902, -0.121768, -0.13194, -0.0440835, 0.990276, 0.228374, 0.722189, -0.255933)
bone_idx = 22

[node name="BoneAttachment3D11" parent="Animations/wave_hip_hop_dance1/RootNode/Armature/Skeleton3D" index="10"]
transform = Transform3D(-0.177378, 0.981842, 0.0672502, -0.977484, -0.167831, -0.127893, -0.114284, -0.0884216, 0.989505, 0.198018, 0.745383, -0.275006)
bone_idx = 25

[node name="BoneAttachment3D12" parent="Animations/wave_hip_hop_dance1/RootNode/Armature/Skeleton3D" index="11"]
transform = Transform3D(-0.177378, 0.981842, 0.0672502, -0.977484, -0.167831, -0.127893, -0.114284, -0.0884216, 0.989505, 0.198018, 0.745383, -0.275006)
bone_idx = 25

[node name="BoneAttachment3D13" parent="Animations/wave_hip_hop_dance1/RootNode/Armature/Skeleton3D" index="12"]
transform = Transform3D(0.651711, 0.672771, 0.350215, 0.62416, -0.213375, -0.751594, -0.430923, 0.708413, -0.558976, -0.529344, 0.855821, 0.441643)
bone_idx = 32

[node name="BoneAttachment3D14" parent="Animations/wave_hip_hop_dance1/RootNode/Armature/Skeleton3D" index="13"]
transform = Transform3D(0.651711, 0.672771, 0.350215, 0.62416, -0.213375, -0.751594, -0.430923, 0.708413, -0.558976, -0.529344, 0.855821, 0.441643)
bone_idx = 32

[node name="BoneAttachment3D15" parent="Animations/wave_hip_hop_dance1/RootNode/Armature/Skeleton3D" index="14"]
transform = Transform3D(0.81278, 0.0585512, 0.579619, 0.37325, -0.816245, -0.440941, 0.447293, 0.574731, -0.685282, -0.567585, 0.799833, 0.460794)
bone_idx = 35

[node name="BoneAttachment3D16" parent="Animations/wave_hip_hop_dance1/RootNode/Armature/Skeleton3D" index="15"]
transform = Transform3D(0.81278, 0.0585512, 0.579619, 0.37325, -0.816245, -0.440941, 0.447293, 0.574731, -0.685282, -0.567585, 0.799833, 0.460794)
bone_idx = 35

[node name="BoneAttachment3D17" parent="Animations/wave_hip_hop_dance1/RootNode/Armature/Skeleton3D" index="16"]
transform = Transform3D(0.815602, -0.0683578, 0.574559, 0.239552, -0.864004, -0.442844, 0.526694, 0.498822, -0.688309, -0.586794, 0.804976, 0.474556)
bone_idx = 38

[node name="BoneAttachment3D18" parent="Animations/wave_hip_hop_dance1/RootNode/Armature/Skeleton3D" index="17"]
transform = Transform3D(0.815602, -0.0683578, 0.574559, 0.239552, -0.864004, -0.442844, 0.526694, 0.498822, -0.688309, -0.586794, 0.804976, 0.474556)
bone_idx = 38

[node name="BoneAttachment3D19" parent="Animations/wave_hip_hop_dance1/RootNode/Armature/Skeleton3D" index="18"]
transform = Transform3D(0.77398, -0.283972, 0.565963, -0.00396917, -0.895958, -0.444119, 0.633197, 0.341493, -0.694581, -0.597831, 0.827637, 0.485635)
bone_idx = 41

[node name="BoneAttachment3D20" parent="Animations/wave_hip_hop_dance1/RootNode/Armature/Skeleton3D" index="19"]
transform = Transform3D(0.77398, -0.283972, 0.565963, -0.00396917, -0.895958, -0.444119, 0.633197, 0.341493, -0.694581, -0.597831, 0.827637, 0.485635)
bone_idx = 41

[node name="BoneAttachment3D21" parent="Animations/wave_hip_hop_dance1/RootNode/Armature/Skeleton3D" index="20"]
transform = Transform3D(0.653828, -0.512263, 0.556861, -0.288647, -0.849172, -0.442253, 0.699421, 0.128421, -0.703077, -0.595074, 0.865829, 0.493769)
bone_idx = 44

[node name="BoneAttachment3D22" parent="Animations/wave_hip_hop_dance1/RootNode/Armature/Skeleton3D" index="21"]
transform = Transform3D(0.653828, -0.512263, 0.556861, -0.288647, -0.849172, -0.442253, 0.699421, 0.128421, -0.703077, -0.595074, 0.865829, 0.493769)
bone_idx = 44

[node name="BoneAttachment3D23" parent="Animations/wave_hip_hop_dance1/RootNode/Armature/Skeleton3D" index="22"]
transform = Transform3D(-0.105562, -0.0431987, 0.993474, -0.129052, 0.991202, 0.0293873, -0.986003, -0.125108, -0.110208, 0.240748, 0.00925164, -0.0274562)
bone_idx = 48

[node name="LeftFootToeBase_End" parent="Animations/wave_hip_hop_dance1/RootNode/Armature/Skeleton3D/BoneAttachment3D23" index="0"]
transform = Transform3D(1, 5.77316e-14, 0, 0, 0, -1, -5.77316e-14, 1, 0, -1.3913e-19, -0.101681, 0.147412)

[node name="BoneAttachment3D24" parent="Animations/wave_hip_hop_dance1/RootNode/Armature/Skeleton3D" index="23"]
transform = Transform3D(-0.105562, -0.0431987, 0.993474, -0.129052, 0.991202, 0.0293873, -0.986003, -0.125108, -0.110208, 0.240748, 0.00925164, -0.0274562)
bone_idx = 48

[node name="LeftToeBase_end" parent="Animations/wave_hip_hop_dance1/RootNode/Armature/Skeleton3D/BoneAttachment3D24" index="0"]
transform = Transform3D(1, -6.78288e-23, 0, 0, 0, -1, 6.78288e-23, 1, 0, -1.73461e-17, 0, 0.294823)

[node name="BoneAttachment3D25" parent="Animations/wave_hip_hop_dance1/RootNode/Armature/Skeleton3D" index="24"]
transform = Transform3D(0.641546, -0.00179887, 0.767082, 0.000212442, 0.999997, 0.00216727, -0.767084, -0.00122754, 0.641545, -0.357777, 8.11145e-05, 0.141421)
bone_idx = 52

[node name="RightFootToeBase_End" parent="Animations/wave_hip_hop_dance1/RootNode/Armature/Skeleton3D/BoneAttachment3D25" index="0"]
transform = Transform3D(1, -1.86265e-09, 0, 0, 0, -1, 1.86265e-09, 1, 0, 3.20149e-05, -0.101681, 0.147412)

[node name="BoneAttachment3D26" parent="Animations/wave_hip_hop_dance1/RootNode/Armature/Skeleton3D" index="25"]
transform = Transform3D(0.641546, -0.00179887, 0.767082, 0.000212442, 0.999997, 0.00216727, -0.767084, -0.00122754, 0.641545, -0.357777, 8.11145e-05, 0.141421)
bone_idx = 52

[node name="RightToeBase_end" parent="Animations/wave_hip_hop_dance1/RootNode/Armature/Skeleton3D/BoneAttachment3D26" index="0"]
transform = Transform3D(1, -1.08545e-17, 0, 0, 0, -1, 1.08545e-17, 1, 0, -1.76244e-17, 0, 0.294823)

[node name="AnimationPlayer" parent="Animations/wave_hip_hop_dance1" index="1"]
autoplay = "Armature|Armature001|mixamocom|Layer0"

[node name="xbotPlaying The Violin2" parent="Animations" instance=ExtResource( "1_4o1ja" )]
transform = Transform3D(1, 0, 0, 0, 1, 0, 0, 0, 1, -3.7252, 0, -2.55739)

[node name="Skeleton3D" parent="Animations/xbotPlaying The Violin2/RootNode" index="0"]
bones/0/position = Vector3(0.000854908, 1.03377, 0.00307873)
bones/0/rotation = Quaternion(-0.0580996, -0.102197, -0.0126193, 0.992986)
bones/1/rotation = Quaternion(0.0702735, -0.0252075, 0.00418343, 0.9972)
bones/2/rotation = Quaternion(0.0080711, -0.00698352, -0.000671198, 0.999943)
bones/3/rotation = Quaternion(0.00817867, -0.00689165, -0.000577574, 0.999943)
bones/4/rotation = Quaternion(-0.0393743, 0.0136421, 0.0332519, 0.998578)
bones/5/rotation = Quaternion(-0.0472544, 0.266321, -0.0676157, 0.960348)
bones/6/rotation = Quaternion(0.00926623, -0.0562151, -0.0669193, 0.99613)
bones/7/rotation = Quaternion(-0.210287, -0.103935, -0.368711, 0.89946)
bones/8/rotation = Quaternion(-9.12439e-07, -0.479892, -1.68577e-06, 0.877327)
bones/9/rotation = Quaternion(0.814837, 0.220976, 0.284284, -0.454303)
bones/10/rotation = Quaternion(0.0566331, 0.0433226, -0.135372, 0.988226)
bones/11/rotation = Quaternion(0.123374, -0.0686919, 0.0990066, 0.985017)
bones/12/rotation = Quaternion(-0.192134, -0.249657, 0.0410488, 0.948194)
bones/13/rotation = Quaternion(0.00582198, -0.0013709, -0.286476, 0.958069)
bones/14/rotation = Quaternion(-1.40985e-08, 0.0526703, -0.516268, 0.854806)
bones/15/rotation = Quaternion(-5.49956e-08, 0.0453987, -0.444995, 0.894382)
bones/16/rotation = Quaternion(-0.0144482, 0.0431745, -0.3931, 0.918368)
bones/17/rotation = Quaternion(-7.67565e-08, 0.0598643, -0.586784, 0.807527)
bones/18/rotation = Quaternion(-3.2973e-08, 0.0564782, -0.553594, 0.830869)
bones/19/rotation = Quaternion(-0.0151497, 0.0501468, -0.439848, 0.896543)
bones/20/rotation = Quaternion(4.7178e-08, 0.06938, -0.680056, 0.72987)
bones/21/rotation = Quaternion(-4.59349e-08, 0.0675915, -0.662526, 0.745983)
bones/22/rotation = Quaternion(-0.0136382, 0.0527738, -0.37335, 0.926088)
bones/23/rotation = Quaternion(-1.07029e-08, 0.0644657, -0.631886, 0.772375)
bones/24/rotation = Quaternion(2.84128e-08, 0.0638169, -0.625527, 0.777588)
bones/25/rotation = Quaternion(0.017914, 0.138263, 0.11966, 0.982975)
bones/26/rotation = Quaternion(0.0328525, 0.431001, 0.296375, 0.851657)
bones/27/rotation = Quaternion(-4.15416e-13, 0.815752, 9.10641e-14, 0.578401)
bones/28/rotation = Quaternion(0.0118017, -0.113948, 0.0798143, 0.990205)
bones/29/rotation = Quaternion(-0.0097322, -0.0611839, 0.476436, 0.877024)
bones/30/rotation = Quaternion(5.71192e-06, -0.0328945, 0.40629, 0.913152)
bones/31/rotation = Quaternion(-9.18158e-08, -0.0323231, 0.399079, 0.916347)
bones/32/rotation = Quaternion(-0.0103207, -0.0454738, 0.406823, 0.912316)
bones/33/rotation = Quaternion(-2.42485e-08, -0.0332846, 0.41095, 0.91105)
bones/34/rotation = Quaternion(5.60663e-08, -0.0313041, 0.386498, 0.921759)
bones/35/rotation = Quaternion(-0.00791394, -0.0348799, 0.293652, 0.955243)
bones/36/rotation = Quaternion(6.17343e-08, -0.0384451, 0.474665, 0.879326)
bones/37/rotation = Quaternion(8.48991e-06, -0.0390743, 0.482244, 0.875165)
bones/38/rotation = Quaternion(0.00485361, -0.00964544, 0.304968, 0.952301)
bones/39/rotation = Quaternion(-7.61554e-09, -0.0376197, 0.464474, 0.884787)
bones/40/rotation = Quaternion(6.58028e-10, -0.0316524, 0.390798, 0.919932)
bones/41/rotation = Quaternion(0.0310483, -0.0469723, 0.0090326, 0.998373)
bones/42/rotation = Quaternion(0.13518, -0.0186626, -0.110404, 0.984473)
bones/43/rotation = Quaternion(-0.191882, 0.173019, -0.0836283, 0.96242)
bones/44/rotation = Quaternion(-0.0288235, 0.0768684, 0.0684641, 0.99427)
bones/45/rotation = Quaternion(0.0854236, 0.0863587, 0.0201374, 0.992391)
bones/46/rotation = Quaternion(0.0187817, 0.0504049, -0.0600432, 0.996745)
bones/47/rotation = Quaternion(-0.00661414, -5.3342e-08, 1.25622e-09, 0.999978)
bones/48/rotation = Quaternion(-0.00511359, -0.119228, -0.0220585, 0.992609)
bones/49/rotation = Quaternion(0.116573, -0.0127802, 0.0139091, 0.993002)
bones/50/rotation = Quaternion(-0.0498395, 0.00156152, -0.000776467, 0.998756)
bones/51/rotation = Quaternion(-0.0391061, 2.10547e-08, 1.06028e-09, 0.999235)

[node name="BoneAttachment3D" parent="Animations/xbotPlaying The Violin2/RootNode/Skeleton3D" index="0"]
transform = Transform3D(0.956885, 0.0816881, 0.278744, -0.115629, 0.987452, 0.107554, -0.266461, -0.135148, 0.954324, 0.00574288, 1.59174, -0.0270416)
bone_idx = 5

[node name="mixamorigHeadTop_End" parent="Animations/xbotPlaying The Violin2/RootNode/Skeleton3D/BoneAttachment3D" index="0"]
transform = Transform3D(1, -5.8394e-19, 0, 0, 0, 1, -5.8394e-19, -1, 0, -6.50824e-09, 0.0258499, -0.0805078)

[node name="BoneAttachment3D2" parent="Animations/xbotPlaying The Violin2/RootNode/Skeleton3D" index="1"]
transform = Transform3D(0.956885, 0.0816881, 0.278744, -0.115629, 0.987452, 0.107554, -0.266461, -0.135148, 0.954324, 0.00574288, 1.59174, -0.0270416)
bone_idx = 5

[node name="mixamorigLeftEye" parent="Animations/xbotPlaying The Violin2/RootNode/Skeleton3D/BoneAttachment3D2" index="0"]
