[gd_scene load_steps=19 format=3 uid="uid://cn3etaaux58m"]

[ext_resource type="PackedScene" uid="uid://d48fy4uvwp3n" path="res://art/SK_female_doll/female_doll_2022_03_05_03.glb" id="1_3cj5j"]
[ext_resource type="PackedScene" uid="uid://b8hrdk0ys06qq" path="res://ANIM_hip_hop/wave_hip_hop_dance.tscn" id="1_3opiw"]
[ext_resource type="PackedScene" uid="uid://dy3caiksoimde" path="res://text/Animation Retargeting.svg" id="1_74755"]
[ext_resource type="PackedScene" uid="uid://bb452kv4mivyt" path="res://text/ANIM_wave_hip_hop_dance.gltf.glb" id="1_ykigl"]
[ext_resource type="PackedScene" uid="uid://c3y4lao76hnq1" path="res://ANIM_play_violin/xbotPlaying The Violin2.tscn" id="2_1gu8y"]
[ext_resource type="PackedScene" path="res://art/SK_female_doll/SK_female_doll.vrm" id="2_j0i1k"]
[ext_resource type="RetargetBoneMap" uid="uid://be7mocsvdcbr0" path="res://models/violin_vrm_map.tres" id="2_mk8hq"]
[ext_resource type="RetargetRichProfile" uid="uid://b2pjclia5lmhq" path="res://profiles/gd_humanoid.tres" id="2_og74m"]
[ext_resource type="RetargetBoneMap" uid="uid://cce134pih6sq6" path="res://models/mixamo_map.tres" id="4_c57ry"]
[ext_resource type="RetargetBoneMap" uid="uid://c0bu03vcbuadc" path="res://models/three_girl_vrm_map.tres" id="4_kr0sw"]
[ext_resource type="PackedScene" uid="uid://bs7esjhiwaba2" path="res://text/Mixamo.svg" id="6_7qcml"]
[ext_resource type="RetargetBoneMap" uid="uid://b41gxip8w12xa" path="res://models/female_doll_map.tres" id="6_j7qga"]
[ext_resource type="PackedScene" path="res://art/SK_three_girl/three-vrm-girl.vrm" id="6_sj4ok"]
[ext_resource type="PackedScene" uid="uid://baftw5t4666kr" path="res://text/VRM.gltf.glb" id="7_1bhhg"]
[ext_resource type="PackedScene" uid="uid://yma6e5nmqpis" path="res://art/xbox/xbot.glb" id="7_2t60k"]

[sub_resource type="ProceduralSkyMaterial" id="ProceduralSkyMaterial_m4f1n"]
sky_horizon_color = Color(0.64625, 0.65575, 0.67075, 1)
ground_horizon_color = Color(0.64625, 0.65575, 0.67075, 1)

[sub_resource type="Sky" id="Sky_cgjx1"]
sky_material = SubResource( "ProceduralSkyMaterial_m4f1n" )

[sub_resource type="Environment" id="Environment_1oha5"]
background_mode = 2
sky = SubResource( "Sky_cgjx1" )
tonemap_mode = 2
sdfgi_enabled = true
sdfgi_use_occlusion = true
sdfgi_cascades = 1
sdfgi_min_cell_size = 31.25
sdfgi_cascade0_distance = 2000.0
sdfgi_max_distance = 4000.0
sdfgi_y_scale = 0
glow_enabled = true

[node name="Node3D" type="Node3D"]

[node name="DirectionalLight3D" type="DirectionalLight3D" parent="."]
transform = Transform3D(-0.866023, -0.433016, 0.250001, 0, 0.499998, 0.866027, -0.500003, 0.749999, -0.43301, 0, 0, 0)
shadow_enabled = true
directional_shadow_max_distance = 250.0

[node name="WorldEnvironment" type="WorldEnvironment" parent="."]
environment = SubResource( "Environment_1oha5" )

[node name="Animations" type="Node3D" parent="."]

[node name="wave_hip_hop_dance" parent="Animations" instance=ExtResource( "1_3opiw" )]

[node name="Skeleton3D" parent="Animations/wave_hip_hop_dance/RootNode/Armature" index="0"]
bones/0/position = Vector3(-0.0673885, 0.830344, 0.0235069)
bones/0/rotation = Quaternion(-0.0766534, -0.579704, -0.0271612, 0.810759)
bones/1/rotation = Quaternion(0.1419, -0.0772357, -0.0151563, 0.986747)
bones/2/rotation = Quaternion(0.0219104, -0.0110035, 0.00452593, 0.999689)
bones/3/rotation = Quaternion(0.022015, -0.0107859, 0.0044735, 0.99969)
bones/4/rotation = Quaternion(-0.035079, -0.0179209, 0.00441232, 0.999214)
bones/6/rotation = Quaternion(-0.0308342, -0.0807382, -0.0105038, 0.996203)
bones/7/rotation = Quaternion(0.012344, -0.116935, 0.00330235, 0.993057)
bones/8/rotation = Quaternion(-0.229897, -0.629337, 0.019522, 0.742093)
bones/9/rotation = Quaternion(8.93557e-07, -0.177676, -3.93976e-07, 0.984089)
bones/10/rotation = Quaternion(0.231958, 0.0578747, -0.15943, 0.957824)
bones/14/rotation = Quaternion(0.00248089, -0.0181401, -0.095015, 0.995307)
bones/15/rotation = Quaternion(-9.3912e-08, 0.00198579, -0.112073, 0.993698)
bones/16/rotation = Quaternion(1.74327e-08, 0.00187572, -0.10586, 0.994379)
bones/17/rotation = Quaternion(0.00207525, -0.0185473, -0.0746593, 0.997034)
bones/18/rotation = Quaternion(1.12885e-07, 0.00116474, -0.0657362, 0.997836)
bones/19/rotation = Quaternion(-5.15322e-09, 0.000966017, -0.0545184, 0.998513)
bones/20/rotation = Quaternion(0.00332043, -0.0172695, -0.137192, 0.990388)
bones/21/rotation = Quaternion(-5.11251e-08, 0.00282488, -0.159429, 0.987205)
bones/22/rotation = Quaternion(-9.4568e-09, 0.0028364, -0.160077, 0.987101)
bones/23/rotation = Quaternion(0.0132804, 0.0194468, -0.227693, 0.973449)
bones/24/rotation = Quaternion(0.00742137, -0.0311764, -0.208798, 0.977433)
bones/25/rotation = Quaternion(-2.82165e-08, 0.00372738, -0.210366, 0.977615)
bones/26/rotation = Quaternion(0.0359754, 0.381005, 0.0458585, 0.922734)
bones/27/rotation = Quaternion(-0.0242092, 0.146724, 0.266286, 0.952354)
bones/28/rotation = Quaternion(2.40367e-07, 0.612394, -4.40103e-07, 0.790553)
bones/29/rotation = Quaternion(0.0719179, -0.152666, -0.485793, 0.857628)
bones/33/rotation = Quaternion(-0.00096794, 0.0218623, -0.0737441, 0.997037)
bones/34/rotation = Quaternion(2.12575e-08, -0.000870767, 0.0218402, 0.999761)
bones/35/rotation = Quaternion(-1.02449e-08, 0.0023989, -0.0601687, 0.998185)
bones/36/rotation = Quaternion(-0.000286061, 0.0204517, -0.0377985, 0.999076)
bones/37/rotation = Quaternion(3.82596e-08, -0.00213518, 0.0535538, 0.998563)
bones/38/rotation = Quaternion(-8.0459e-08, -0.000103484, 0.00259558, 0.999997)
bones/39/rotation = Quaternion(0.000645103, 0.0184843, 0.0113257, 0.999765)
bones/40/rotation = Quaternion(-1.86739e-07, -0.0042188, 0.105816, 0.994376)
bones/41/rotation = Quaternion(-2.97004e-08, -0.00326063, 0.0817827, 0.996645)
bones/42/rotation = Quaternion(0.0012787, 0.0171177, 0.0447932, 0.998849)
bones/43/rotation = Quaternion(-7.88309e-08, -0.00675838, 0.169511, 0.985505)
bones/44/rotation = Quaternion(4.73975e-08, -0.00480757, 0.120584, 0.992692)
bones/45/rotation = Quaternion(0.0839201, 0.281717, 0.119415, 0.948332)
bones/46/rotation = Quaternion(0.422922, 0.111976, -0.0398756, 0.898336)
bones/47/rotation = Quaternion(-0.341376, 0.117536, -0.134413, 0.922811)
bones/48/rotation = Quaternion(-0.00563894, -2.29569e-08, 9.07461e-09, 0.999985)
bones/49/rotation = Quaternion(-0.327586, 0.00546218, -0.0364221, 0.944103)
bones/50/rotation = Quaternion(0.526534, 0.0752005, -0.000122022, 0.846821)
bones/51/rotation = Quaternion(-0.147044, 0.000952892, -0.0263711, 0.988777)
bones/52/rotation = Quaternion(-0.0057352, -2.3975e-08, 1.84946e-08, 0.999982)

[node name="AnimationPlayer" parent="Animations/wave_hip_hop_dance" index="1"]
autoplay = "Armature|Armature|mixamocom|Layer0001"

[node name="three-vrm-girl" parent="Animations" instance=ExtResource( "6_sj4ok" )]
transform = Transform3D(1, 0, 0, 0, 1, 0, 0, 0, 1, -1.048, 0, -2.557)
update_in_editor = true

[node name="Skeleton3D" parent="Animations/three-vrm-girl/Root" index="0"]
bones/0/rest = Transform3D(-1, 0, 0, 0, 1, 0, 0, 0, -1, 0.000217693, 0.893992, -0.00574204)
bones/0/rotation = Quaternion(0, 1, 0, 0)

[node name="xbotPlaying The Violin2" parent="Animations" instance=ExtResource( "2_1gu8y" )]

[node name="Skeleton3D" parent="Animations/xbotPlaying The Violin2/RootNode" index="0"]
bones/0/position = Vector3(-0.000634028, 1.03369, -0.0118062)
bones/0/rotation = Quaternion(-0.0696195, -0.143981, -0.0216795, 0.98689)
bones/1/rotation = Quaternion(0.0666268, -0.0426963, -0.0298009, 0.996417)
bones/2/rotation = Quaternion(0.00654976, -0.0111913, -0.0105073, 0.999861)
bones/3/rotation = Quaternion(0.00669906, -0.0109101, -0.0104955, 0.999863)
bones/4/rotation = Quaternion(-0.0368456, 0.0277713, -0.00543625, 0.99892)
bones/5/rotation = Quaternion(-0.026623, 0.325643, -0.161683, 0.931183)
bones/6/rotation = Quaternion(0.00941271, -0.0547736, -0.0763266, 0.995532)
bones/7/rotation = Quaternion(-0.329059, -0.00476777, -0.448868, 0.830791)
bones/8/rotation = Quaternion(-8.69071e-07, -0.523574, -1.49869e-06, 0.85198)
bones/9/rotation = Quaternion(-0.790851, -0.165134, -0.291182, 0.512344)
bones/10/rotation = Quaternion(0.0471686, 0.0388838, -0.15251, 0.986409)
bones/11/rotation = Quaternion(0.124687, -0.0422908, 0.106012, 0.985609)
bones/12/rotation = Quaternion(-0.160282, -0.226343, 0.0597225, 0.958912)
bones/13/rotation = Quaternion(0.00531622, -0.0035941, -0.309727, 0.950803)
bones/14/rotation = Quaternion(8.40052e-08, 0.0580206, -0.568713, 0.820488)
bones/15/rotation = Quaternion(-4.44712e-08, 0.0510162, -0.500056, 0.86449)
bones/16/rotation = Quaternion(-0.0182821, 0.00720663, -0.292025, 0.956209)
bones/17/rotation = Quaternion(-1.90039e-07, 0.0622135, -0.609813, 0.7901)
bones/18/rotation = Quaternion(-8.43979e-08, 0.062639, -0.613983, 0.78683)
bones/19/rotation = Quaternion(-0.0161368, 0.0481152, -0.439957, 0.896584)
bones/20/rotation = Quaternion(5.97336e-08, 0.0527946, -0.517489, 0.85406)
bones/21/rotation = Quaternion(-4.8133e-08, 0.0503186, -0.493218, 0.868449)
bones/22/rotation = Quaternion(-0.0149237, 0.0343452, -0.166966, 0.985251)
bones/23/rotation = Quaternion(6.70108e-09, 0.0475731, -0.466307, 0.883343)
bones/24/rotation = Quaternion(-4.53998e-08, 0.046806, -0.458789, 0.887311)
bones/25/rotation = Quaternion(0.0148001, 0.115959, 0.0783112, 0.990051)
bones/26/rotation = Quaternion(-0.0680216, 0.482589, 0.194765, 0.851204)
bones/27/rotation = Quaternion(6.89605e-08, 0.81361, -1.4444e-08, 0.581411)
bones/28/rotation = Quaternion(0.188337, 0.0409234, 0.0662416, 0.979013)
bones/29/rotation = Quaternion(-0.0118922, -0.0669612, 0.561058, 0.824978)
bones/30/rotation = Quaternion(6.95043e-06, -0.0400607, 0.494761, 0.868105)
bones/31/rotation = Quaternion(3.51475e-08, -0.0395173, 0.487903, 0.872003)
bones/32/rotation = Quaternion(-0.012258, -0.0511647, 0.481636, 0.874791)
bones/33/rotation = Quaternion(5.73083e-08, -0.0393352, 0.485654, 0.873265)
bones/34/rotation = Quaternion(-2.55067e-09, -0.0374331, 0.462169, 0.886001)
bones/35/rotation = Quaternion(-0.00990784, -0.0409576, 0.36763, 0.929017)
bones/36/rotation = Quaternion(6.36656e-08, -0.0443689, 0.547803, 0.83543)
bones/37/rotation = Quaternion(9.83976e-06, -0.0449648, 0.55498, 0.830648)
bones/38/rotation = Quaternion(0.00471219, -0.00901311, 0.298087, 0.954484)
bones/39/rotation = Quaternion(4.58361e-08, -0.0396298, 0.489291, 0.87122)
bones/40/rotation = Quaternion(6.65819e-08, -0.0337449, 0.416634, 0.908448)
bones/41/rotation = Quaternion(0.0349372, -0.046787, 0.0184189, 0.998124)
bones/42/rotation = Quaternion(0.1351, -0.0122655, -0.109188, 0.984721)
bones/43/rotation = Quaternion(-0.193921, 0.179101, -0.0828274, 0.960967)
bones/44/rotation = Quaternion(-0.0145082, 0.0905239, 0.0819592, 0.99241)
bones/45/rotation = Quaternion(0.0828656, 0.0864144, 0.0174848, 0.992653)
bones/46/rotation = Quaternion(0.0232524, 0.0765293, -0.0626783, 0.994823)
bones/47/rotation = Quaternion(-0.00715574, 3.7385e-08, -4.5538e-09, 0.999974)
bones/48/rotation = Quaternion(-0.00113485, -0.109832, -0.0125478, 0.99387)
bones/49/rotation = Quaternion(0.112982, 0.000525009, 0.0148345, 0.993486)
bones/50/rotation = Quaternion(-0.0375562, 0.0192624, -0.00817512, 0.999075)
bones/51/rotation = Quaternion(-0.0384857, 7.63047e-08, -3.07841e-09, 0.999259)

[node name="ViolinVRMGirlRetarget" type="SkeletonRetarget" parent="."]
retarget_profile = ExtResource( "2_og74m" )
source_skeleton = NodePath("../Animations/xbotPlaying The Violin2/RootNode/Skeleton3D")
source_map = ExtResource( "2_mk8hq" )
target_skeleton = NodePath("../Animations/three-vrm-girl/Root/Skeleton3D")
target_map = ExtResource( "4_kr0sw" )
retarget_position = true
retarget_scale = true

[node name="Camera3D" type="Camera3D" parent="."]
transform = Transform3D(0.991105, -0.0469287, 0.124535, 0, 0.935765, 0.352625, -0.133084, -0.349488, 0.927441, 2.05973, 2.2165, 3.44805)

[node name="ThreeVRMRetarget" type="SkeletonRetarget" parent="."]
retarget_profile = ExtResource( "2_og74m" )
source_skeleton = NodePath("../Animations/wave_hip_hop_dance/RootNode/Armature/Skeleton3D")
source_map = ExtResource( "4_c57ry" )
target_skeleton = NodePath("../three-vrm-girl3/Root/Skeleton3D")
target_map = ExtResource( "4_kr0sw" )
retarget_position = true

[node name="three-vrm-girl3" parent="." instance=ExtResource( "6_sj4ok" )]
transform = Transform3D(1, 0, 0, 0, 1, 0, 0, 0, 1, 2.94859, 0, 0)
vrm_skeleton = NodePath("")
vrm_animplayer = NodePath("")
vrm_secondary = NodePath("")
update_in_editor = true

[node name="Skeleton3D" parent="three-vrm-girl3/Root" index="0"]
bones/0/rest = Transform3D(-1, 0, 0, 0, 1, 0, 0, 0, -1, 0.000217693, 0.893992, -0.00574204)
bones/0/rotation = Quaternion(0, 1, 0, 0)

[node name="FemaleDollRetarget" type="SkeletonRetarget" parent="."]
retarget_profile = ExtResource( "2_og74m" )
source_skeleton = NodePath("../Animations/wave_hip_hop_dance/RootNode/Armature/Skeleton3D")
source_map = ExtResource( "4_c57ry" )
target_skeleton = NodePath("../skelman/Armature/Skeleton3D")
target_map = ExtResource( "2_mk8hq" )
retarget_position = true

[node name="skelman" parent="." instance=ExtResource( "1_3cj5j" )]
transform = Transform3D(1, 0, 0, 0, 1, 0, 0, 0, 1, -1, 0, 0)

[node name="Skeleton3D" parent="skelman/Armature" index="0"]
bones/0/rotation = Quaternion(0.860365, 5.94293e-05, 5.94292e-05, 0.509679)
bones/1/rotation = Quaternion(0.00186708, -0.870321, -0.492481, 0.0011831)
bones/2/rotation = Quaternion(-0.111732, -0.00217174, -0.00272035, 0.993732)
bones/3/rotation = Quaternion(0.549113, 0.0363004, -0.0110053, 0.834887)
bones/4/rotation = Quaternion(0.270947, -0.0639027, 0.0175605, 0.96031)
bones/6/rotation = Quaternion(0.00126413, 0.870419, 0.492307, 0.00166276)
bones/7/rotation = Quaternion(-0.112157, 0.00219676, 0.00271962, 0.993684)
bones/11/rotation = Quaternion(-0.812217, -0.000152917, -0.000103021, 0.583356)
bones/12/rotation = Quaternion(-0.0726572, -4.53545e-07, 5.41364e-07, 0.997357)
bones/14/rotation = Quaternion(0.54932, -0.445128, 0.546341, 0.449022)
bones/15/rotation = Quaternion(-0.100732, -0.0113494, 0.00453808, 0.994838)
bones/16/rotation = Quaternion(-0.000161413, 0.0106501, -0.00363115, 0.999937)
bones/17/rotation = Quaternion(-0.0206756, 0.0294982, -0.0119449, 0.99928)
bones/18/rotation = Quaternion(0.0201605, 0.0136153, 0.0136765, 0.99961)
bones/19/rotation = Quaternion(-2.30931e-05, 0.000569524, -0.000394217, 1)
bones/20/rotation = Quaternion(3.47423e-05, 0.000533249, -0.00219746, 0.999997)
bones/22/rotation = Quaternion(0.0201482, 0.0127083, 0.0125388, 0.999638)
bones/23/rotation = Quaternion(-4.96559e-06, 1.51281e-05, -0.000742642, 1)
bones/24/rotation = Quaternion(2.63701e-05, 5.26247e-05, -5.87292e-05, 1)
bones/26/rotation = Quaternion(0.0202186, 0.00834452, 0.0134515, 0.99967)
bones/27/rotation = Quaternion(-1.85514e-05, 0.000201349, -0.0014596, 0.999999)
bones/28/rotation = Quaternion(2.93783e-05, -6.50106e-05, 0.000726395, 1)
bones/30/rotation = Quaternion(0.0201499, 0.0117071, 0.0118496, 0.999658)
bones/31/rotation = Quaternion(2.02764e-05, -5.89289e-05, 0.000260917, 1)
bones/32/rotation = Quaternion(-2.14019e-05, -0.000411414, -0.000234631, 1)
bones/34/rotation = Quaternion(0.148057, -0.015769, -0.341154, 0.92814)
bones/35/rotation = Quaternion(0.0118145, -0.00567076, 0.13941, 0.990148)
bones/36/rotation = Quaternion(-0.127639, 0.0133087, 0.0627797, 0.989742)
bones/38/rotation = Quaternion(0.549109, 0.445283, -0.546637, 0.448766)
bones/39/rotation = Quaternion(-0.100767, 0.0112214, -0.00406358, 0.994838)
bones/40/rotation = Quaternion(-0.000159945, -0.0105049, 0.00363371, 0.999938)
bones/41/rotation = Quaternion(-0.0297401, -0.0380015, 0.0131945, 0.998748)
bones/42/rotation = Quaternion(0.0290181, -0.0140035, -0.0154523, 0.999361)
bones/43/rotation = Quaternion(2.37779e-05, 0.00067156, 0.00178154, 0.999998)
bones/44/rotation = Quaternion(-3.04261e-05, -0.000628837, -0.00123341, 0.999999)
bones/46/rotation = Quaternion(0.028987, -0.0158886, -0.0145574, 0.999348)
bones/47/rotation = Quaternion(-1.40369e-05, 3.53159e-05, -0.000221508, 1)
bones/48/rotation = Quaternion(2.01136e-05, 0.00012089, -0.000272515, 1)
bones/50/rotation = Quaternion(0.0290578, -0.00953959, -0.012987, 0.999448)
bones/51/rotation = Quaternion(3.78259e-05, -3.03433e-05, -0.000289006, 1)
bones/52/rotation = Quaternion(-5.18748e-05, -0.000475371, -0.000623927, 1)
bones/54/rotation = Quaternion(0.149524, 0.0206832, 0.323242, 0.9342)
bones/55/rotation = Quaternion(0.0167892, 0.00664716, -0.122057, 0.992359)
bones/56/rotation = Quaternion(-0.130885, -0.0144521, -0.00835736, 0.991257)
bones/58/rotation = Quaternion(0.0288897, -0.0206856, -0.0142948, 0.999266)
bones/59/rotation = Quaternion(3.35788e-05, -3.36991e-05, -0.00016587, 1)
bones/60/rotation = Quaternion(-2.63123e-05, -8.69205e-06, -0.00183114, 0.999998)
bones/62/rotation = Quaternion(0.0570215, 1.24184e-06, 1.07216e-06, 0.998373)
bones/63/rotation = Quaternion(-3.33786e-06, 5.68435e-13, -1.98952e-13, 1)

[node name="SK_female_doll" parent="." instance=ExtResource( "2_j0i1k" )]

[node name="Skeleton3D" parent="SK_female_doll" index="0"]
transform = Transform3D(1, 0, 0, 0, 1, 0, 0, 0, 1, 0.97173, 0, 0)
bones/0/rest = Transform3D(-1, 0, 0, 0, 1, 0, 0, 0, -1, 1.8e-05, 0.955229, 0.00214899)
bones/0/rotation = Quaternion(0, 1, 0, 0)

[node name="MixamoRetarget" type="SkeletonRetarget" parent="."]
retarget_profile = ExtResource( "2_og74m" )
source_skeleton = NodePath("../Animations/wave_hip_hop_dance/RootNode/Armature/Skeleton3D")
source_map = ExtResource( "4_c57ry" )
target_skeleton = NodePath("../SK_female_doll/Skeleton3D")
target_map = ExtResource( "6_j7qga" )
retarget_position = true

[node name="MixamoXbotRetarget" type="SkeletonRetarget" parent="."]
retarget_profile = ExtResource( "2_og74m" )
source_skeleton = NodePath("../Animations/wave_hip_hop_dance/RootNode/Armature/Skeleton3D")
source_map = ExtResource( "4_c57ry" )
target_skeleton = NodePath("../xbot/RootNode/Skeleton3D")
target_map = ExtResource( "6_j7qga" )
retarget_position = true

[node name="xbot" parent="." instance=ExtResource( "7_2t60k" )]
transform = Transform3D(1, 0, 0, 0, 1, 0, 0, 0, 1, 4.80998, 0, 0)

[node name="BoneAttachment3D" parent="xbot/RootNode/Skeleton3D" index="0"]
transform = Transform3D(0.0556454, 0.175834, -0.982846, -0.0390645, 0.984001, 0.173829, 0.997686, 0.0287216, 0.0616239, -0.101628, 1.47934, 0.0182129)
bone_idx = 5

[node name="BoneAttachment3D2" parent="xbot/RootNode/Skeleton3D" index="1"]
transform = Transform3D(0.0556454, 0.175834, -0.982846, -0.0390645, 0.984001, 0.173829, 0.997686, 0.0287216, 0.0616239, -0.101628, 1.47934, 0.0182129)
bone_idx = 5

[node name="BoneAttachment3D3" parent="xbot/RootNode/Skeleton3D" index="2"]
transform = Transform3D(0.0556454, 0.175834, -0.982846, -0.0390645, 0.984001, 0.173829, 0.997686, 0.0287216, 0.0616239, -0.101628, 1.47934, 0.0182129)
bone_idx = 5

[node name="BoneAttachment3D4" parent="xbot/RootNode/Skeleton3D" index="3"]
transform = Transform3D(-0.970764, -0.0335884, 0.237676, -0.00269393, 0.991624, 0.129134, -0.240022, 0.124718, -0.962723, -0.660765, 1.2693, 0.148849)
bone_idx = 12

[node name="BoneAttachment3D5" parent="xbot/RootNode/Skeleton3D" index="4"]
transform = Transform3D(-0.970007, -0.139509, 0.199056, -0.114587, 0.984644, 0.131705, -0.214374, 0.104945, -0.971098, -0.742408, 1.30223, 0.174985)
bone_idx = 15

[node name="BoneAttachment3D6" parent="xbot/RootNode/Skeleton3D" index="5"]
transform = Transform3D(-0.971353, -0.114565, 0.208204, -0.0882697, 0.987379, 0.131498, -0.220642, 0.109353, -0.969206, -0.752994, 1.30584, 0.195822)
bone_idx = 18

[node name="BoneAttachment3D7" parent="xbot/RootNode/Skeleton3D" index="6"]
transform = Transform3D(-0.971956, -0.0693158, 0.224716, -0.0404764, 0.990623, 0.130496, -0.231654, 0.11774, -0.965647, -0.747848, 1.30543, 0.21554)
bone_idx = 21

[node name="BoneAttachment3D8" parent="xbot/RootNode/Skeleton3D" index="7"]
transform = Transform3D(-0.972005, -0.0742646, 0.222915, -0.0457066, 0.990376, 0.130645, -0.230472, 0.116799, -0.966044, -0.738679, 1.29812, 0.237142)
bone_idx = 24

[node name="BoneAttachment3D9" parent="xbot/RootNode/Skeleton3D" index="8"]
transform = Transform3D(0.906832, 0.33447, 0.256488, -0.405015, 0.522984, 0.749967, 0.116703, -0.783976, 0.609724, -0.577223, 1.02069, -0.0313992)
bone_idx = 31

[node name="BoneAttachment3D10" parent="xbot/RootNode/Skeleton3D" index="9"]
transform = Transform3D(0.906832, 0.33447, 0.256488, -0.405015, 0.522984, 0.749967, 0.116703, -0.783976, 0.609724, -0.583494, 1.04326, -0.0246886)
bone_idx = 34

[node name="BoneAttachment3D11" parent="xbot/RootNode/Skeleton3D" index="10"]
transform = Transform3D(0.906832, 0.33447, 0.256488, -0.405015, 0.522984, 0.749967, 0.116703, -0.783976, 0.609724, -0.587508, 1.06147, -0.0148125)
bone_idx = 37

[node name="BoneAttachment3D12" parent="xbot/RootNode/Skeleton3D" index="11"]
transform = Transform3D(0.906832, 0.33447, 0.256488, -0.405015, 0.522984, 0.749967, 0.116703, -0.783976, 0.609724, -0.578779, 1.07364, 0.00361997)
bone_idx = 40

[node name="BoneAttachment3D13" parent="xbot/RootNode/Skeleton3D" index="12"]
transform = Transform3D(0.906832, 0.33447, 0.256489, -0.405015, 0.522984, 0.749967, 0.116702, -0.783976, 0.609724, -0.51749, 1.04934, 0.0703492)
bone_idx = 43

[node name="BoneAttachment3D14" parent="xbot/RootNode/Skeleton3D" index="13"]
transform = Transform3D(0.831693, -0.0652387, -0.55139, 0.0553723, 0.997868, -0.0345433, 0.552468, -0.00180224, 0.833532, 0.145578, -0.0385927, 0.00569399)
bone_idx = 47

[node name="BoneAttachment3D15" parent="xbot/RootNode/Skeleton3D" index="14"]
transform = Transform3D(0.800679, 0.0466312, -0.597276, -0.0785829, 0.996527, -0.0275422, 0.593918, 0.0689882, 0.801562, -0.353833, -0.0304725, 0.121162)
bone_idx = 51

[node name="Text" type="Node3D" parent="."]

[node name="Mixamo" parent="Text" instance=ExtResource( "6_7qcml" )]
transform = Transform3D(1, 0, 0, 0, 1, 0, 0, 0, 1, 4.78627, 2, 0)

[node name="Mixamo2" parent="Text" instance=ExtResource( "6_7qcml" )]
transform = Transform3D(1, 0, 0, 0, 1, 0, 0, 0, 1, 0.948569, 2, 0)

[node name="Animation Retargeting" parent="Text" instance=ExtResource( "1_74755" )]
transform = Transform3D(2, 0, 0, 0, 2, 0, 0, 0, 1, 0.975302, 2.56627, 0)

[node name="VRM" parent="Text" instance=ExtResource( "7_1bhhg" )]
transform = Transform3D(1, 0, 0, 0, 1, 0, 0, 0, 1, -1.04753, 2, 0)

[node name="VRM3" parent="Text" instance=ExtResource( "7_1bhhg" )]
transform = Transform3D(1, 0, 0, 0, 1, 0, 0, 0, 1, -1.0331, 2, -2.37288)

[node name="VRM2" parent="Text" instance=ExtResource( "7_1bhhg" )]
transform = Transform3D(1, 0, 0, 0, 1, 0, 0, 0, 1, 2.97102, 2, 0)

[node name="ANIM_wave_hip_hop_dancegltf" parent="Text" instance=ExtResource( "1_ykigl" )]
transform = Transform3D(1, 0, 0, 0, 1, 0, 0, 0, 1, -3.55048, 2, 0)

[editable path="Animations/wave_hip_hop_dance"]
[editable path="Animations/three-vrm-girl"]
[editable path="Animations/xbotPlaying The Violin2"]
[editable path="three-vrm-girl3"]
[editable path="skelman"]
[editable path="SK_female_doll"]
[editable path="xbot"]
