[gd_scene load_steps=15 format=3 uid="uid://bu1phqa6f00dg"]

[ext_resource type="PackedScene" uid="uid://d48fy4uvwp3n" path="res://SK_female_doll/female_doll_2022_03_05_03.glb" id="1_3cj5j"]
[ext_resource type="PackedScene" uid="uid://dy3caiksoimde" path="res://text/Animation Retargeting.svg" id="1_74755"]
[ext_resource type="PackedScene" uid="uid://bs5gn273fx8pa" path="res://SK_female_doll/three-vrm-girl.vrm" id="1_lob4k"]
[ext_resource type="PackedScene" uid="uid://obj2fk1kynfy" path="res://SK_female_doll/SK_female_doll.vrm" id="2_j0i1k"]
[ext_resource type="RetargetRichProfile" uid="uid://b2pjclia5lmhq" path="res://profiles/gd_humanoid.tres" id="2_og74m"]
[ext_resource type="RetargetBoneMap" uid="uid://cce134pih6sq6" path="res://models/mixamo_map.tres" id="4_c57ry"]
[ext_resource type="RetargetBoneMap" uid="uid://c0bu03vcbuadc" path="res://models/three_girl_vrm_map.tres" id="4_kr0sw"]
[ext_resource type="PackedScene" uid="uid://dkf4ias5bedbr" path="res://text/ANIM_wave_hip_hop_dance.svg" id="4_xyp4j"]
[ext_resource type="RetargetBoneMap" uid="uid://d2wh32fl0op23" path="res://models/female_doll_vrm_map.tres" id="6_1ma83"]
[ext_resource type="PackedScene" uid="uid://bs7esjhiwaba2" path="res://text/Mixamo.svg" id="6_7qcml"]
[ext_resource type="PackedScene" uid="uid://krcnssh1qy20" path="res://SK_female_doll/wave_hip_hop_dance1.glb" id="6_bif58"]
[ext_resource type="RetargetBoneMap" uid="uid://b41gxip8w12xa" path="res://models/female_doll_map.tres" id="6_j7qga"]
[ext_resource type="PackedScene" uid="uid://baftw5t4666kr" path="res://text/VRM.gltf.glb" id="7_1bhhg"]
[ext_resource type="PackedScene" uid="uid://yma6e5nmqpis" path="res://SK_female_doll/xbot.glb" id="7_2t60k"]

[node name="Node3D" type="Node3D"]

[node name="Animation Retargeting" parent="." instance=ExtResource( "1_74755" )]
transform = Transform3D(2, 0, 0, 0, 2, 0, 0, 0, 1, 0.975302, 2.56627, 0)

[node name="Camera3D" type="Camera3D" parent="."]
transform = Transform3D(0.991105, -0.0469287, 0.124535, 0, 0.935765, 0.352625, -0.133084, -0.349488, 0.927441, 2.05973, 2.2165, 3.44805)

[node name="ANIM_wave_hip_hop_dance" parent="." instance=ExtResource( "4_xyp4j" )]
transform = Transform3D(1, 0, 0, 0, 1, 0, 0, 0, 1, -3.35, 2, 0)

[node name="wave_hip_hop_dance1" parent="." instance=ExtResource( "6_bif58" )]
transform = Transform3D(1, 0, 0, 0, 1, 0, 0, 0, 1, -3.32818, 0, 0)

[node name="Skeleton3D" parent="wave_hip_hop_dance1/RootNode/Armature" index="0"]
bones/0/position = Vector3(-0.0419132, 0.906447, 0.00731881)
bones/0/rotation = Quaternion(-0.0850067, -0.505829, -0.0288906, 0.857949)
bones/1/rotation = Quaternion(0.190678, -0.0239535, -0.0182322, 0.981191)
bones/2/rotation = Quaternion(0.000643205, -0.00184371, -0.0161569, 0.999868)
bones/3/rotation = Quaternion(0.000593245, -0.00248814, -0.0160722, 0.999868)
bones/4/rotation = Quaternion(0.0168908, -0.0378601, 0.0426421, 0.99823)
bones/6/rotation = Quaternion(0.0381078, -0.145271, 0.0662494, 0.986436)
bones/7/rotation = Quaternion(0.00552417, -0.0368333, 0.00554656, 0.999291)
bones/8/rotation = Quaternion(0.297399, -0.368367, -0.261372, 0.841157)
bones/9/rotation = Quaternion(-1.90591e-07, -0.662716, -2.75216e-07, 0.748871)
bones/10/rotation = Quaternion(0.371057, 0.0702105, 0.180384, 0.908212)
bones/14/rotation = Quaternion(-0.000976042, -0.0213243, 0.0780099, 0.996724)
bones/15/rotation = Quaternion(0.00027616, -0.00397394, 0.00040587, 0.999992)
bones/16/rotation = Quaternion(1.4604e-08, -0.000110155, 0.00621684, 0.999981)
bones/17/rotation = Quaternion(-0.00226351, -0.0223706, 0.142333, 0.989563)
bones/18/rotation = Quaternion(0.000839538, -0.00981767, 0.000999894, 0.999949)
bones/19/rotation = Quaternion(-1.2113e-07, -0.000897521, 0.0506563, 0.998716)
bones/20/rotation = Quaternion(-0.000142473, -0.0206234, 0.0364374, 0.999123)
bones/21/rotation = Quaternion(9.18619e-07, -3.80276e-05, -0.0151229, 0.999886)
bones/22/rotation = Quaternion(-2.51978e-08, 0.000959021, -0.0541238, 0.998534)
bones/23/rotation = Quaternion(0.00139816, 0.015949, -0.0140529, 0.999773)
bones/24/rotation = Quaternion(0.00237757, -0.0343826, -0.0674501, 0.997127)
bones/25/rotation = Quaternion(-3.31153e-08, 0.00190112, -0.107294, 0.994226)
bones/26/rotation = Quaternion(0.021698, 0.215025, 0.0330453, 0.975808)
bones/27/rotation = Quaternion(0.391255, 0.13034, 0.182161, 0.892608)
bones/28/rotation = Quaternion(2.56176e-07, 0.230366, 2.5643e-07, 0.973104)
bones/29/rotation = Quaternion(0.336463, 0.066422, -0.124187, 0.931106)
bones/33/rotation = Quaternion(0.00170985, 0.0161748, 0.0675866, 0.997581)
bones/34/rotation = Quaternion(1.58017e-07, -0.00424792, 0.106547, 0.994299)
bones/35/rotation = Quaternion(-9.44998e-08, -0.00220723, 0.0553584, 0.998464)
bones/36/rotation = Quaternion(0.00184799, 0.0158704, 0.0748907, 0.997064)
bones/37/rotation = Quaternion(-9.17181e-09, -0.0055551, 0.139332, 0.99023)
bones/38/rotation = Quaternion(9.5403e-08, -0.00443245, 0.111172, 0.993791)
bones/39/rotation = Quaternion(0.00254219, 0.0143257, 0.111602, 0.993646)
bones/40/rotation = Quaternion(-2.35577e-07, -0.00741602, 0.186008, 0.98252)
bones/41/rotation = Quaternion(5.55148e-08, -0.00704911, 0.176806, 0.98422)
bones/42/rotation = Quaternion(0.00366945, 0.0117581, 0.171294, 0.985143)
bones/43/rotation = Quaternion(-6.81124e-08, -0.00970181, 0.24334, 0.969893)
bones/44/rotation = Quaternion(3.34486e-08, -0.00884192, 0.221769, 0.975059)
bones/45/rotation = Quaternion(-0.0165514, 0.228899, 0.091243, 0.969023)
bones/46/rotation = Quaternion(0.404951, -0.0599407, -0.1003, 0.906841)
bones/47/rotation = Quaternion(-0.126972, -0.0282822, 0.0870085, 0.987678)
bones/48/rotation = Quaternion(-0.115898, -0.000705833, -0.0119901, 0.993189)
bones/49/rotation = Quaternion(-0.387702, -0.165521, -0.0783368, 0.903412)
bones/50/rotation = Quaternion(0.702154, -0.0131221, 0.0231872, 0.711527)
bones/51/rotation = Quaternion(0.0925752, -0.0022706, 0.0583963, 0.993989)
bones/52/rotation = Quaternion(-0.00621596, -1.04847e-07, 1.33194e-09, 0.999981)

[node name="BoneAttachment3D" parent="wave_hip_hop_dance1/RootNode/Armature/Skeleton3D" index="0"]
transform = Transform3D(0.0556233, -0.322998, -0.944763, 0.0467191, 0.946034, -0.320681, 0.997358, -0.026301, 0.0677115, -0.102259, 1.51682, 0.045541)
bone_idx = 6

[node name="BoneAttachment3D2" parent="wave_hip_hop_dance1/RootNode/Armature/Skeleton3D" index="1"]
transform = Transform3D(0.0556233, -0.322998, -0.944763, 0.0467191, 0.946034, -0.320681, 0.997358, -0.026301, 0.0677115, -0.102259, 1.51682, 0.045541)
bone_idx = 6

[node name="BoneAttachment3D3" parent="wave_hip_hop_dance1/RootNode/Armature/Skeleton3D" index="2"]
transform = Transform3D(-0.999378, -0.0342072, -0.00848981, -0.0347713, 0.996272, 0.0789387, 0.00575802, 0.079185, -0.996843, -0.293842, 0.991628, 0.144659)
bone_idx = 13

[node name="BoneAttachment3D4" parent="wave_hip_hop_dance1/RootNode/Armature/Skeleton3D" index="3"]
transform = Transform3D(-0.999378, -0.0342072, -0.00848981, -0.0347713, 0.996272, 0.0789387, 0.00575802, 0.079185, -0.996843, -0.293842, 0.991628, 0.144659)
bone_idx = 13

[node name="BoneAttachment3D5" parent="wave_hip_hop_dance1/RootNode/Armature/Skeleton3D" index="4"]
transform = Transform3D(-0.957673, -0.0767841, 0.277424, -0.0548606, 0.994787, 0.0859518, -0.282578, 0.0670943, -0.956894, -0.395319, 1.01512, 0.169424)
bone_idx = 16

[node name="BoneAttachment3D6" parent="wave_hip_hop_dance1/RootNode/Armature/Skeleton3D" index="5"]
transform = Transform3D(-0.957673, -0.0767841, 0.277424, -0.0548606, 0.994787, 0.0859518, -0.282578, 0.0670943, -0.956894, -0.395319, 1.01512, 0.169424)
bone_idx = 16

[node name="BoneAttachment3D7" parent="wave_hip_hop_dance1/RootNode/Armature/Skeleton3D" index="6"]
transform = Transform3D(-0.94693, 0.133816, 0.29226, 0.164473, 0.982895, 0.0828607, -0.276173, 0.126532, -0.952742, -0.384183, 1.02904, 0.149464)
bone_idx = 19

[node name="BoneAttachment3D8" parent="wave_hip_hop_dance1/RootNode/Armature/Skeleton3D" index="7"]
transform = Transform3D(-0.94693, 0.133816, 0.29226, 0.164473, 0.982895, 0.0828607, -0.276173, 0.126532, -0.952742, -0.384183, 1.02904, 0.149464)
bone_idx = 19

[node name="BoneAttachment3D9" parent="wave_hip_hop_dance1/RootNode/Armature/Skeleton3D" index="8"]
transform = Transform3D(-0.916465, -0.298485, 0.266454, -0.28603, 0.954412, 0.0853469, -0.279782, 0.00200367, -0.960061, -0.394188, 1.0023, 0.192984)
bone_idx = 22

[node name="BoneAttachment3D10" parent="wave_hip_hop_dance1/RootNode/Armature/Skeleton3D" index="9"]
transform = Transform3D(-0.916465, -0.298485, 0.266454, -0.28603, 0.954412, 0.0853469, -0.279782, 0.00200367, -0.960061, -0.394188, 1.0023, 0.192984)
bone_idx = 22

[node name="BoneAttachment3D11" parent="wave_hip_hop_dance1/RootNode/Armature/Skeleton3D" index="10"]
transform = Transform3D(-0.781815, -0.566193, 0.261132, -0.566223, 0.820075, 0.0828668, -0.261067, -0.0830722, -0.961739, -0.367962, 0.992449, 0.223995)
bone_idx = 25

[node name="BoneAttachment3D12" parent="wave_hip_hop_dance1/RootNode/Armature/Skeleton3D" index="11"]
transform = Transform3D(-0.781815, -0.566193, 0.261132, -0.566223, 0.820075, 0.0828668, -0.261067, -0.0830722, -0.961739, -0.367962, 0.992449, 0.223995)
bone_idx = 25

[node name="BoneAttachment3D13" parent="wave_hip_hop_dance1/RootNode/Armature/Skeleton3D" index="12"]
transform = Transform3D(0.875473, -0.15037, 0.459277, 0.482552, 0.323637, -0.813881, -0.0262555, 0.934156, 0.355896, -0.539759, 0.896913, -0.345527)
bone_idx = 32

[node name="BoneAttachment3D14" parent="wave_hip_hop_dance1/RootNode/Armature/Skeleton3D" index="13"]
transform = Transform3D(0.875473, -0.15037, 0.459277, 0.482552, 0.323637, -0.813881, -0.0262555, 0.934156, 0.355896, -0.539759, 0.896913, -0.345527)
bone_idx = 32

[node name="BoneAttachment3D15" parent="wave_hip_hop_dance1/RootNode/Armature/Skeleton3D" index="14"]
transform = Transform3D(0.436917, -0.457033, 0.774741, 0.828539, -0.130826, -0.544433, 0.350181, 0.879775, 0.32151, -0.596987, 0.848554, -0.322726)
bone_idx = 35

[node name="BoneAttachment3D16" parent="wave_hip_hop_dance1/RootNode/Armature/Skeleton3D" index="15"]
transform = Transform3D(0.436917, -0.457033, 0.774741, 0.828539, -0.130826, -0.544433, 0.350181, 0.879775, 0.32151, -0.596987, 0.848554, -0.322726)
bone_idx = 35

[node name="BoneAttachment3D17" parent="wave_hip_hop_dance1/RootNode/Armature/Skeleton3D" index="16"]
transform = Transform3D(0.347179, -0.532838, 0.771718, 0.78395, -0.286718, -0.550648, 0.514672, 0.796162, 0.318176, -0.617767, 0.854254, -0.334543)
bone_idx = 38

[node name="BoneAttachment3D18" parent="wave_hip_hop_dance1/RootNode/Armature/Skeleton3D" index="17"]
transform = Transform3D(0.347179, -0.532838, 0.771718, 0.78395, -0.286718, -0.550648, 0.514672, 0.796162, 0.318176, -0.617767, 0.854254, -0.334543)
bone_idx = 38

[node name="BoneAttachment3D19" parent="wave_hip_hop_dance1/RootNode/Armature/Skeleton3D" index="18"]
transform = Transform3D(0.182659, -0.613205, 0.768514, 0.657103, -0.5053, -0.559363, 0.731335, 0.607165, 0.310641, -0.627327, 0.874994, -0.350979)
bone_idx = 41

[node name="BoneAttachment3D20" parent="wave_hip_hop_dance1/RootNode/Armature/Skeleton3D" index="19"]
transform = Transform3D(0.182659, -0.613205, 0.768514, 0.657103, -0.5053, -0.559363, 0.731335, 0.607165, 0.310641, -0.627327, 0.874994, -0.350979)
bone_idx = 41

[node name="BoneAttachment3D21" parent="wave_hip_hop_dance1/RootNode/Armature/Skeleton3D" index="20"]
transform = Transform3D(-0.0158882, -0.640962, 0.767407, 0.45074, -0.689686, -0.566715, 0.892513, 0.336897, 0.299866, -0.622118, 0.910908, -0.366799)
bone_idx = 44

[node name="BoneAttachment3D22" parent="wave_hip_hop_dance1/RootNode/Armature/Skeleton3D" index="21"]
transform = Transform3D(-0.0158882, -0.640962, 0.767407, 0.45074, -0.689686, -0.566715, 0.892513, 0.336897, 0.299866, -0.622118, 0.910908, -0.366799)
bone_idx = 44

[node name="BoneAttachment3D23" parent="wave_hip_hop_dance1/RootNode/Armature/Skeleton3D" index="22"]
transform = Transform3D(0.712046, -0.0758457, -0.698024, 0.00923124, 0.995074, -0.0987056, 0.702072, 0.0638395, 0.709239, 0.0824318, 0.0107321, 0.0259364)
bone_idx = 48

[node name="BoneAttachment3D24" parent="wave_hip_hop_dance1/RootNode/Armature/Skeleton3D" index="23"]
transform = Transform3D(0.712046, -0.0758457, -0.698024, 0.00923124, 0.995074, -0.0987056, 0.702072, 0.0638395, 0.709239, 0.0824318, 0.0107321, 0.0259364)
bone_idx = 48

[node name="BoneAttachment3D25" parent="wave_hip_hop_dance1/RootNode/Armature/Skeleton3D" index="24"]
transform = Transform3D(0.0445912, -0.711259, -0.701514, 0.219617, 0.692013, -0.687667, 0.974566, -0.123401, 0.187063, -0.159357, 0.161323, 0.0383071)
bone_idx = 52

[node name="BoneAttachment3D26" parent="wave_hip_hop_dance1/RootNode/Armature/Skeleton3D" index="25"]
transform = Transform3D(0.0445912, -0.711259, -0.701514, 0.219617, 0.692013, -0.687667, 0.974566, -0.123401, 0.187063, -0.159357, 0.161323, 0.0383071)
bone_idx = 52

[node name="AnimationPlayer" parent="wave_hip_hop_dance1" index="1"]
autoplay = "Armature|Armature001|mixamocom|Layer0"

[node name="VRM2" parent="." instance=ExtResource( "7_1bhhg" )]
transform = Transform3D(1, 0, 0, 0, 1, 0, 0, 0, 1, 2.97102, 2, 0)

[node name="ThreeVRMRetarget" type="SkeletonRetarget" parent="."]
retarget_profile = ExtResource( "2_og74m" )
source_skeleton = NodePath("../wave_hip_hop_dance1/RootNode/Armature/Skeleton3D")
source_map = ExtResource( "4_c57ry" )
target_skeleton = NodePath("../three-vrm-girl/Root/Skeleton3D")
target_map = ExtResource( "4_kr0sw" )
retarget_position = true

[node name="three-vrm-girl" parent="." instance=ExtResource( "1_lob4k" )]
transform = Transform3D(1, 0, 0, 0, 1, 0, 0, 0, 1, 2.94859, 0, 0)

[node name="Skeleton3D" parent="three-vrm-girl/Root" index="0"]
bones/0/rest = Transform3D(-1, 0, 0, 0, 1, 0, 0, 0, -1, 0.000217693, 0.893992, -0.00574204)
bones/0/rotation = Quaternion(0, 1, 0, 0)

[node name="FemaleDollRetarget" type="SkeletonRetarget" parent="."]
retarget_profile = ExtResource( "2_og74m" )
source_skeleton = NodePath("../wave_hip_hop_dance1/RootNode/Armature/Skeleton3D")
source_map = ExtResource( "4_c57ry" )
target_skeleton = NodePath("../skelman/Armature/Skeleton3D")
target_map = ExtResource( "6_1ma83" )
retarget_position = true

[node name="skelman" parent="." instance=ExtResource( "1_3cj5j" )]
transform = Transform3D(1, 0, 0, 0, 1, 0, 0, 0, 1, -1, 0, 0)

[node name="Skeleton3D" parent="skelman/Armature" index="0"]
bones/0/rotation = Quaternion(0.860365, 5.94293e-05, 5.94292e-05, 0.509679)
bones/1/rotation = Quaternion(0.00186708, -0.870321, -0.492481, 0.0011831)
bones/2/rotation = Quaternion(-0.111732, -0.00217174, -0.00272035, 0.993732)
bones/3/rotation = Quaternion(0.549113, 0.0363004, -0.0110053, 0.834887)
bones/4/rotation = Quaternion(0.270947, -0.0639027, 0.0175605, 0.96031)
bones/6/rotation = Quaternion(0.00126413, 0.870419, 0.492307, 0.00166276)
bones/7/rotation = Quaternion(-0.112157, 0.00219676, 0.00271962, 0.993684)
bones/11/rotation = Quaternion(-0.812217, -0.000152917, -0.000103021, 0.583356)
bones/12/rotation = Quaternion(-0.0726572, -4.53545e-07, 5.41364e-07, 0.997357)
bones/14/rotation = Quaternion(0.54932, -0.445128, 0.546341, 0.449022)
bones/15/rotation = Quaternion(-0.100732, -0.0113494, 0.00453808, 0.994838)
bones/16/rotation = Quaternion(-0.000161413, 0.0106501, -0.00363115, 0.999937)
bones/17/rotation = Quaternion(-0.0206756, 0.0294982, -0.0119449, 0.99928)
bones/18/rotation = Quaternion(0.0201605, 0.0136153, 0.0136765, 0.99961)
bones/19/rotation = Quaternion(-2.30931e-05, 0.000569524, -0.000394217, 1)
bones/20/rotation = Quaternion(3.47423e-05, 0.000533249, -0.00219746, 0.999997)
bones/22/rotation = Quaternion(0.0201482, 0.0127083, 0.0125388, 0.999638)
bones/23/rotation = Quaternion(-4.96559e-06, 1.51281e-05, -0.000742642, 1)
bones/24/rotation = Quaternion(2.63701e-05, 5.26247e-05, -5.87292e-05, 1)
bones/26/rotation = Quaternion(0.0202186, 0.00834452, 0.0134515, 0.99967)
bones/27/rotation = Quaternion(-1.85514e-05, 0.000201349, -0.0014596, 0.999999)
bones/28/rotation = Quaternion(2.93783e-05, -6.50106e-05, 0.000726395, 1)
bones/30/rotation = Quaternion(0.0201499, 0.0117071, 0.0118496, 0.999658)
bones/31/rotation = Quaternion(2.02764e-05, -5.89289e-05, 0.000260917, 1)
bones/32/rotation = Quaternion(-2.14019e-05, -0.000411414, -0.000234631, 1)
bones/34/rotation = Quaternion(0.148057, -0.015769, -0.341154, 0.92814)
bones/35/rotation = Quaternion(0.0118145, -0.00567076, 0.13941, 0.990148)
bones/36/rotation = Quaternion(-0.127639, 0.0133087, 0.0627797, 0.989742)
bones/38/rotation = Quaternion(0.549109, 0.445283, -0.546637, 0.448766)
bones/39/rotation = Quaternion(-0.100767, 0.0112214, -0.00406358, 0.994838)
bones/40/rotation = Quaternion(-0.000159945, -0.0105049, 0.00363371, 0.999938)
bones/41/rotation = Quaternion(-0.0297401, -0.0380015, 0.0131945, 0.998748)
bones/42/rotation = Quaternion(0.0290181, -0.0140035, -0.0154523, 0.999361)
bones/43/rotation = Quaternion(2.37779e-05, 0.00067156, 0.00178154, 0.999998)
bones/44/rotation = Quaternion(-3.04261e-05, -0.000628837, -0.00123341, 0.999999)
bones/46/rotation = Quaternion(0.028987, -0.0158886, -0.0145574, 0.999348)
bones/47/rotation = Quaternion(-1.40369e-05, 3.53159e-05, -0.000221508, 1)
bones/48/rotation = Quaternion(2.01136e-05, 0.00012089, -0.000272515, 1)
bones/50/rotation = Quaternion(0.0290578, -0.00953959, -0.012987, 0.999448)
bones/51/rotation = Quaternion(3.78259e-05, -3.03433e-05, -0.000289006, 1)
bones/52/rotation = Quaternion(-5.18748e-05, -0.000475371, -0.000623927, 1)
bones/54/rotation = Quaternion(0.149524, 0.0206832, 0.323242, 0.9342)
bones/55/rotation = Quaternion(0.0167892, 0.00664716, -0.122057, 0.992359)
bones/56/rotation = Quaternion(-0.130885, -0.0144521, -0.00835736, 0.991257)
bones/58/rotation = Quaternion(0.0288897, -0.0206856, -0.0142948, 0.999266)
bones/59/rotation = Quaternion(3.35788e-05, -3.36991e-05, -0.00016587, 1)
bones/60/rotation = Quaternion(-2.63123e-05, -8.69205e-06, -0.00183114, 0.999998)
bones/62/rotation = Quaternion(0.0570215, 1.24184e-06, 1.07216e-06, 0.998373)
bones/63/rotation = Quaternion(-3.33786e-06, 5.68435e-13, -1.98952e-13, 1)

[node name="Mixamo" parent="." instance=ExtResource( "6_7qcml" )]
transform = Transform3D(1, 0, 0, 0, 1, 0, 0, 0, 1, 4.78627, 2, 0)

[node name="Mixamo2" parent="." instance=ExtResource( "6_7qcml" )]
transform = Transform3D(1, 0, 0, 0, 1, 0, 0, 0, 1, 0.948569, 2, 0)

[node name="VRM" parent="." instance=ExtResource( "7_1bhhg" )]
transform = Transform3D(1, 0, 0, 0, 1, 0, 0, 0, 1, -1.04753, 2, 0)

[node name="SK_female_doll" parent="." instance=ExtResource( "2_j0i1k" )]

[node name="Skeleton3D" parent="SK_female_doll" index="0"]
transform = Transform3D(1, 0, 0, 0, 1, 0, 0, 0, 1, 0.97173, 0, 0)
bones/0/rest = Transform3D(-1, 0, 0, 0, 1, 0, 0, 0, -1, 1.8e-05, 0.955229, 0.00214899)
bones/0/rotation = Quaternion(0, 1, 0, 0)

[node name="MixamoRetarget" type="SkeletonRetarget" parent="."]
retarget_profile = ExtResource( "2_og74m" )
source_skeleton = NodePath("../wave_hip_hop_dance1/RootNode/Armature/Skeleton3D")
source_map = ExtResource( "4_c57ry" )
target_skeleton = NodePath("../SK_female_doll/Skeleton3D")
target_map = ExtResource( "6_j7qga" )
retarget_position = true

[node name="MixamoXbotRetarget" type="SkeletonRetarget" parent="."]
retarget_profile = ExtResource( "2_og74m" )
source_skeleton = NodePath("../wave_hip_hop_dance1/RootNode/Armature/Skeleton3D")
source_map = ExtResource( "4_c57ry" )
target_skeleton = NodePath("../xbot/RootNode/Skeleton3D")
target_map = ExtResource( "6_j7qga" )
retarget_position = true

[node name="xbot" parent="." instance=ExtResource( "7_2t60k" )]
transform = Transform3D(1, 0, 0, 0, 1, 0, 0, 0, 1, 4.80998, 0, 0)

[node name="BoneAttachment3D" parent="xbot/RootNode/Skeleton3D" index="0"]
transform = Transform3D(0.176268, -0.0579461, -0.982635, 0.0480116, 0.997584, -0.0502151, 0.983171, -0.0383265, 0.178624, -0.0819484, 1.55252, 0.0432289)
bone_idx = 5

[node name="BoneAttachment3D2" parent="xbot/RootNode/Skeleton3D" index="1"]
transform = Transform3D(0.176268, -0.0579461, -0.982635, 0.0480116, 0.997584, -0.0502151, 0.983171, -0.0383265, 0.178624, -0.0819484, 1.55252, 0.0432289)
bone_idx = 5

[node name="BoneAttachment3D3" parent="xbot/RootNode/Skeleton3D" index="2"]
transform = Transform3D(0.176268, -0.0579461, -0.982635, 0.0480116, 0.997584, -0.0502151, 0.983171, -0.0383265, 0.178624, -0.0819484, 1.55252, 0.0432289)
bone_idx = 5

[node name="BoneAttachment3D4" parent="xbot/RootNode/Skeleton3D" index="3"]
transform = Transform3D(-0.946894, -0.179749, 0.266613, -0.0582818, 0.911368, 0.407447, -0.316221, 0.37027, -0.873444, -0.1645, 0.960598, 0.133481)
bone_idx = 12

[node name="BoneAttachment3D5" parent="xbot/RootNode/Skeleton3D" index="4"]
transform = Transform3D(-0.877584, 0.21652, 0.427745, 0.385587, 0.84897, 0.361351, -0.284902, 0.482048, -0.828529, -0.2488, 1.00701, 0.162335)
bone_idx = 15

[node name="BoneAttachment3D6" parent="xbot/RootNode/Skeleton3D" index="5"]
transform = Transform3D(-0.870436, 0.246086, 0.426361, 0.412516, 0.837261, 0.358922, -0.26865, 0.4883, -0.830296, -0.260933, 1.00095, 0.182536)
bone_idx = 18

[node name="BoneAttachment3D7" parent="xbot/RootNode/Skeleton3D" index="6"]
transform = Transform3D(-0.823332, 0.343159, 0.45207, 0.513805, 0.789016, 0.336836, -0.241103, 0.509604, -0.825938, -0.255053, 0.995613, 0.202545)
bone_idx = 21

[node name="BoneAttachment3D8" parent="xbot/RootNode/Skeleton3D" index="7"]
transform = Transform3D(-0.785778, 0.401081, 0.470838, 0.575901, 0.7521, 0.320444, -0.225593, 0.522953, -0.821966, -0.24562, 0.984865, 0.222479)
bone_idx = 24

[node name="BoneAttachment3D9" parent="xbot/RootNode/Skeleton3D" index="8"]
transform = Transform3D(0.681083, -0.206632, 0.702446, 0.70606, 0.439426, -0.555325, -0.193925, 0.874191, 0.44518, -0.572913, 0.984352, -0.386776)
bone_idx = 31

[node name="BoneAttachment3D10" parent="xbot/RootNode/Skeleton3D" index="9"]
transform = Transform3D(0.681083, -0.206632, 0.702446, 0.70606, 0.439426, -0.555325, -0.193925, 0.874191, 0.44518, -0.569763, 0.965612, -0.371526)
bone_idx = 34

[node name="BoneAttachment3D11" parent="xbot/RootNode/Skeleton3D" index="10"]
transform = Transform3D(0.681083, -0.206632, 0.702446, 0.70606, 0.439426, -0.555325, -0.193925, 0.874191, 0.44518, -0.56347, 0.948483, -0.360927)
bone_idx = 37

[node name="BoneAttachment3D12" parent="xbot/RootNode/Skeleton3D" index="11"]
transform = Transform3D(0.681083, -0.206632, 0.702446, 0.70606, 0.439426, -0.555325, -0.193925, 0.874191, 0.44518, -0.543026, 0.937289, -0.356379)
bone_idx = 40

[node name="BoneAttachment3D13" parent="xbot/RootNode/Skeleton3D" index="12"]
transform = Transform3D(0.681082, -0.206632, 0.702446, 0.70606, 0.439426, -0.555324, -0.193925, 0.874191, 0.44518, -0.457144, 0.948208, -0.392495)
bone_idx = 43

[node name="BoneAttachment3D14" parent="xbot/RootNode/Skeleton3D" index="13"]
transform = Transform3D(0.29148, -0.251337, -0.922968, -0.131794, 0.945112, -0.298989, 0.947454, 0.208791, 0.242357, -0.0163624, -0.0237372, -0.0438524)
bone_idx = 47

[node name="BoneAttachment3D15" parent="xbot/RootNode/Skeleton3D" index="14"]
transform = Transform3D(0.334541, -0.71252, -0.616764, 0.526596, 0.684102, -0.50468, 0.781524, -0.155949, 0.60407, -0.191218, 0.118156, 0.194188)
bone_idx = 51

[editable path="wave_hip_hop_dance1"]
[editable path="three-vrm-girl"]
[editable path="skelman"]
[editable path="SK_female_doll"]
[editable path="xbot"]
