[gd_scene load_steps=19 format=3 uid="uid://cn3etaaux58m"]

[ext_resource type="PackedScene" uid="uid://d48fy4uvwp3n" path="res://art/SK_female_doll/female_doll_2022_03_05_03.glb" id="1_3cj5j"]
[ext_resource type="PackedScene" uid="uid://b8hrdk0ys06qq" path="res://ANIM_hip_hop/wave_hip_hop_dance.tscn" id="1_3opiw"]
[ext_resource type="PackedScene" uid="uid://dy3caiksoimde" path="res://text/Animation Retargeting.svg" id="1_74755"]
[ext_resource type="PackedScene" uid="uid://bb452kv4mivyt" path="res://text/ANIM_wave_hip_hop_dance.gltf.glb" id="1_ykigl"]
[ext_resource type="PackedScene" uid="uid://c3y4lao76hnq1" path="res://ANIM_play_violin/xbotPlaying The Violin2.tscn" id="2_1gu8y"]
[ext_resource type="PackedScene" uid="uid://obj2fk1kynfy" path="res://art/SK_female_doll/SK_female_doll.vrm" id="2_j0i1k"]
[ext_resource type="RetargetBoneMap" uid="uid://be7mocsvdcbr0" path="res://models/violin_vrm_map.tres" id="2_mk8hq"]
[ext_resource type="RetargetRichProfile" uid="uid://b2pjclia5lmhq" path="res://profiles/gd_humanoid.tres" id="2_og74m"]
[ext_resource type="RetargetBoneMap" uid="uid://cce134pih6sq6" path="res://models/mixamo_map.tres" id="4_c57ry"]
[ext_resource type="RetargetBoneMap" uid="uid://c0bu03vcbuadc" path="res://models/three_girl_vrm_map.tres" id="4_kr0sw"]
[ext_resource type="PackedScene" uid="uid://bs7esjhiwaba2" path="res://text/Mixamo.svg" id="6_7qcml"]
[ext_resource type="RetargetBoneMap" uid="uid://b41gxip8w12xa" path="res://models/female_doll_map.tres" id="6_j7qga"]
[ext_resource type="PackedScene" uid="uid://bs5gn273fx8pa" path="res://art/SK_three_girl/three-vrm-girl.vrm" id="6_sj4ok"]
[ext_resource type="PackedScene" uid="uid://baftw5t4666kr" path="res://text/VRM.gltf.glb" id="7_1bhhg"]
[ext_resource type="PackedScene" uid="uid://yma6e5nmqpis" path="res://art/xbox/xbot.glb" id="7_2t60k"]

[sub_resource type="ProceduralSkyMaterial" id="ProceduralSkyMaterial_880m6"]
sky_horizon_color = Color(0.64625, 0.65575, 0.67075, 1)
ground_horizon_color = Color(0.64625, 0.65575, 0.67075, 1)

[sub_resource type="Sky" id="Sky_px0re"]
sky_material = SubResource( "ProceduralSkyMaterial_880m6" )

[sub_resource type="Environment" id="Environment_g3xgb"]
background_mode = 2
sky = SubResource( "Sky_px0re" )
tonemap_mode = 2
sdfgi_enabled = true
sdfgi_use_occlusion = true
sdfgi_cascades = 1
sdfgi_min_cell_size = 31.25
sdfgi_cascade0_distance = 2000.0
sdfgi_max_distance = 4000.0
sdfgi_y_scale = 0
glow_enabled = true

[node name="Node3D" type="Node3D"]

[node name="DirectionalLight3D" type="DirectionalLight3D" parent="."]
transform = Transform3D(-0.866023, -0.433016, 0.250001, 0, 0.499998, 0.866027, -0.500003, 0.749999, -0.43301, 0, 0, 0)
shadow_enabled = true
directional_shadow_max_distance = 250.0

[node name="WorldEnvironment" type="WorldEnvironment" parent="."]
environment = SubResource( "Environment_g3xgb" )

[node name="Animations" type="Node3D" parent="."]

[node name="wave_hip_hop_dance" parent="Animations" instance=ExtResource( "1_3opiw" )]

[node name="Skeleton3D" parent="Animations/wave_hip_hop_dance/RootNode/Armature" index="0"]
bones/0/position = Vector3(-0.0593134, 0.943415, 0.0181502)
bones/0/rotation = Quaternion(-0.019644, 0.386663, -0.019521, 0.921805)
bones/1/rotation = Quaternion(0.0405714, 0.0566091, 0.0691183, 0.995174)
bones/2/rotation = Quaternion(-0.00269966, 0.00813012, -0.0376889, 0.999252)
bones/3/rotation = Quaternion(-0.00211793, 0.00789476, -0.0377758, 0.999252)
bones/4/rotation = Quaternion(0.0148141, -0.00829037, 0.0358886, 0.999212)
bones/6/rotation = Quaternion(0.0809231, 0.012977, 0.000199407, 0.996636)
bones/7/rotation = Quaternion(0.00866527, -0.0733334, 0.00349709, 0.997264)
bones/8/rotation = Quaternion(-0.102106, -0.230548, -0.268488, 0.929697)
bones/9/rotation = Quaternion(4.79898e-07, -0.371362, 4.16983e-07, 0.928488)
bones/10/rotation = Quaternion(0.0765894, 0.129472, 0.114591, 0.981957)
bones/14/rotation = Quaternion(-8.05939e-05, -0.0205689, 0.0333446, 0.999232)
bones/15/rotation = Quaternion(-6.1902e-08, 0.000203073, -0.0114587, 0.999934)
bones/16/rotation = Quaternion(6.5304e-09, 0.000523036, -0.0295191, 0.999564)
bones/17/rotation = Quaternion(-0.0011859, -0.0215275, 0.0886351, 0.995831)
bones/18/rotation = Quaternion(0.000138505, -0.00404735, 0.000415386, 0.999991)
bones/19/rotation = Quaternion(-5.42662e-08, -0.000325185, 0.0183532, 0.999832)
bones/20/rotation = Quaternion(0.000944686, -0.0196399, -0.0179801, 0.999645)
bones/21/rotation = Quaternion(-9.86772e-08, 0.00136145, -0.076838, 0.997043)
bones/22/rotation = Quaternion(2.11561e-08, 0.00172168, -0.097167, 0.995266)
bones/23/rotation = Quaternion(0.0050811, 0.0171107, -0.0802162, 0.996618)
bones/24/rotation = Quaternion(0.00456579, -0.0330818, -0.128775, 0.991112)
bones/25/rotation = Quaternion(1.73524e-08, 0.0026928, -0.151975, 0.988381)
bones/26/rotation = Quaternion(0.0312285, 0.327555, 0.0365348, 0.943609)
bones/27/rotation = Quaternion(0.0422541, 0.114947, 0.205229, 0.971022)
bones/28/rotation = Quaternion(2.31211e-07, 0.762378, -3.24613e-07, 0.647132)
bones/29/rotation = Quaternion(0.444614, 0.0282767, 0.0896135, 0.89078)
bones/33/rotation = Quaternion(0.00261826, 0.0141546, 0.115636, 0.993187)
bones/34/rotation = Quaternion(2.27978e-08, -0.00540485, 0.135565, 0.990754)
bones/35/rotation = Quaternion(2.44447e-08, -0.00378924, 0.095041, 0.995466)
bones/36/rotation = Quaternion(0.00257833, 0.0142444, 0.113521, 0.99343)
bones/37/rotation = Quaternion(-7.05792e-08, -0.00665797, 0.166992, 0.985936)
bones/38/rotation = Quaternion(-6.49696e-09, -0.00592907, 0.148712, 0.988863)
bones/39/rotation = Quaternion(0.00313724, 0.0129796, 0.143101, 0.989618)
bones/40/rotation = Quaternion(-2.66263e-07, -0.00859648, 0.215617, 0.97644)
bones/41/rotation = Quaternion(3.31242e-08, -0.00823498, 0.206548, 0.978402)
bones/42/rotation = Quaternion(0.00448071, 0.00986418, 0.214308, 0.976706)
bones/43/rotation = Quaternion(5.0567e-08, -0.010715, 0.26875, 0.96315)
bones/44/rotation = Quaternion(-1.01218e-09, -0.0102271, 0.256516, 0.966486)
bones/45/rotation = Quaternion(-0.167891, 0.147662, 0.10599, 0.968904)
bones/46/rotation = Quaternion(0.19586, 0.0712052, 0.0127642, 0.977959)
bones/47/rotation = Quaternion(-0.00346842, 0.0736059, -0.0603956, 0.995451)
bones/48/rotation = Quaternion(-0.00167135, -4.74339e-08, -7.13749e-09, 0.999999)
bones/49/rotation = Quaternion(0.0114487, -0.0216576, 0.00272412, 0.999696)
bones/50/rotation = Quaternion(0.144143, -0.0805371, -0.0146614, 0.986165)
bones/51/rotation = Quaternion(-0.136661, -0.0193621, -0.00994564, 0.990379)
bones/52/rotation = Quaternion(-0.00238592, 5.0603e-08, -2.84005e-09, 0.999996)

[node name="three-vrm-girl" parent="Animations" instance=ExtResource( "6_sj4ok" )]
transform = Transform3D(1, 0, 0, 0, 1, 0, 0, 0, 1, -1.048, 0, -2.557)

[node name="Skeleton3D" parent="Animations/three-vrm-girl" index="0"]
bones/0/rest = Transform3D(-1, 0, 0, 0, 1, 0, 0, 0, -1, 0.000217693, 0.893992, -0.00574204)
bones/0/rotation = Quaternion(0, 1, 0, 0)

[node name="xbotPlaying The Violin2" parent="Animations" instance=ExtResource( "2_1gu8y" )]

[node name="Skeleton3D" parent="Animations/xbotPlaying The Violin2/RootNode" index="0"]
bones/0/position = Vector3(0.00027298, 1.03381, 0.0242744)
bones/0/rotation = Quaternion(-0.053206, -0.113424, -0.0229246, 0.991855)
bones/1/rotation = Quaternion(0.0689845, -0.0195198, -0.0144054, 0.997323)
bones/2/rotation = Quaternion(0.0129865, -0.00501128, -0.00150932, 0.999902)
bones/3/rotation = Quaternion(0.0130005, -0.00490937, -0.00153098, 0.999902)
bones/4/rotation = Quaternion(-0.0349943, 0.0261518, -0.00490524, 0.999033)
bones/5/rotation = Quaternion(-0.0410083, 0.315126, -0.170046, 0.932791)
bones/6/rotation = Quaternion(0.00798711, -0.0375121, -0.074237, 0.996503)
bones/7/rotation = Quaternion(-0.241156, -0.0369056, -0.394998, 0.885696)
bones/8/rotation = Quaternion(-9.17167e-07, -0.516605, -1.56348e-06, 0.856224)
bones/9/rotation = Quaternion(0.811491, 0.201311, 0.268831, -0.478211)
bones/10/rotation = Quaternion(0.0325965, 0.0517841, -0.0986131, 0.993243)
bones/11/rotation = Quaternion(0.125252, -0.030293, 0.109167, 0.985635)
bones/12/rotation = Quaternion(-0.14571, -0.215605, 0.0681628, 0.963139)
bones/13/rotation = Quaternion(0.00277674, 0.00665028, -0.209911, 0.977694)
bones/14/rotation = Quaternion(-4.30999e-08, 0.0545065, -0.534267, 0.843556)
bones/15/rotation = Quaternion(-1.3215e-09, 0.0473224, -0.46385, 0.884649)
bones/16/rotation = Quaternion(-0.00847233, 0.0300675, -0.249164, 0.967957)
bones/17/rotation = Quaternion(5.93489e-08, 0.0583952, -0.572385, 0.817903)
bones/18/rotation = Quaternion(-7.77387e-08, 0.0589238, -0.577568, 0.814214)
bones/19/rotation = Quaternion(-0.00771452, 0.0543553, -0.362196, 0.930483)
bones/20/rotation = Quaternion(1.49562e-07, 0.0602714, -0.590775, 0.804582)
bones/21/rotation = Quaternion(-3.48336e-08, 0.0578872, -0.567404, 0.821402)
bones/22/rotation = Quaternion(-0.0159834, 0.0537774, -0.1735, 0.983234)
bones/23/rotation = Quaternion(3.65462e-08, 0.0552637, -0.541689, 0.83876)
bones/24/rotation = Quaternion(-2.0112e-08, 0.0545378, -0.534575, 0.843359)
bones/25/rotation = Quaternion(0.0175075, 0.122427, 0.149232, 0.981038)
bones/26/rotation = Quaternion(0.0500889, 0.201552, 0.337191, 0.918243)
bones/27/rotation = Quaternion(-6.06519e-08, 0.756147, 1.03479e-07, 0.654402)
bones/28/rotation = Quaternion(0.125169, 0.154618, 0.0133902, 0.979922)
bones/29/rotation = Quaternion(-0.0119642, -0.0670708, 0.563066, 0.823599)
bones/30/rotation = Quaternion(6.93114e-06, -0.0402315, 0.49687, 0.866892)
bones/31/rotation = Quaternion(5.02534e-09, -0.0396888, 0.490021, 0.870807)
bones/32/rotation = Quaternion(-0.0121161, -0.051609, 0.483744, 0.873602)
bones/33/rotation = Quaternion(5.05205e-08, -0.0395069, 0.487775, 0.872075)
bones/34/rotation = Quaternion(5.06555e-09, -0.0376072, 0.464319, 0.884869)
bones/35/rotation = Quaternion(-0.0097642, -0.0415319, 0.369861, 0.928107)
bones/36/rotation = Quaternion(8.54986e-08, -0.0445331, 0.549831, 0.834088)
bones/37/rotation = Quaternion(9.84127e-06, -0.0451279, 0.556994, 0.82929)
bones/38/rotation = Quaternion(0.00477621, -0.00910631, 0.298596, 0.954324)
bones/39/rotation = Quaternion(-9.45295e-08, -0.039669, 0.489775, 0.870946)
bones/40/rotation = Quaternion(-2.02657e-08, -0.0337867, 0.417149, 0.90821)
bones/41/rotation = Quaternion(0.0350157, -0.0469782, 0.0183511, 0.998114)
bones/42/rotation = Quaternion(0.13532, -0.0124373, -0.109579, 0.984645)
bones/43/rotation = Quaternion(-0.194148, 0.178775, -0.0828039, 0.960984)
bones/44/rotation = Quaternion(-0.0300167, 0.0925894, 0.0861765, 0.991513)
bones/45/rotation = Quaternion(0.105488, 0.0849346, 0.0114107, 0.990721)
bones/46/rotation = Quaternion(-0.000223544, 0.0455757, -0.0595642, 0.997183)
bones/47/rotation = Quaternion(-0.00820099, -2.12227e-08, -1.06432e-08, 0.999966)
bones/48/rotation = Quaternion(0.0119303, -0.113202, -0.0113946, 0.993435)
bones/49/rotation = Quaternion(0.0969332, -0.00835962, 0.012457, 0.995178)
bones/50/rotation = Quaternion(-0.0495051, 0.00164104, 0.0037662, 0.998765)
bones/51/rotation = Quaternion(-0.0386753, 6.56458e-08, -3.92164e-09, 0.999251)

[node name="ViolinVRMGirlRetarget" type="SkeletonRetarget" parent="."]
retarget_profile = ExtResource( "2_og74m" )
source_skeleton = NodePath("../Animations/xbotPlaying The Violin2/RootNode/Skeleton3D")
source_map = ExtResource( "2_mk8hq" )
target_skeleton = NodePath("../Animations/three-vrm-girl/Skeleton3D")
target_map = ExtResource( "4_kr0sw" )
retarget_position = true
retarget_scale = true

[node name="Camera3D" type="Camera3D" parent="."]
transform = Transform3D(0.991105, -0.0469287, 0.124535, 0, 0.935765, 0.352625, -0.133084, -0.349488, 0.927441, 2.05973, 2.2165, 3.44805)

[node name="ThreeVRMRetarget" type="SkeletonRetarget" parent="."]
retarget_profile = ExtResource( "2_og74m" )
source_skeleton = NodePath("../Animations/wave_hip_hop_dance/RootNode/Armature/Skeleton3D")
source_map = ExtResource( "4_c57ry" )
target_skeleton = NodePath("../three-vrm-girl3/Skeleton3D")
target_map = ExtResource( "4_kr0sw" )
retarget_position = true

[node name="three-vrm-girl3" parent="." instance=ExtResource( "6_sj4ok" )]
transform = Transform3D(1, 0, 0, 0, 1, 0, 0, 0, 1, 2.94859, 0, 0)
vrm_skeleton = NodePath("")
vrm_animplayer = NodePath("")
vrm_secondary = NodePath("")

[node name="FemaleDollRetarget" type="SkeletonRetarget" parent="."]
retarget_profile = ExtResource( "2_og74m" )
source_skeleton = NodePath("../Animations/wave_hip_hop_dance/RootNode/Armature/Skeleton3D")
source_map = ExtResource( "4_c57ry" )
target_skeleton = NodePath("../skelman/Armature/Skeleton3D")
target_map = ExtResource( "2_mk8hq" )
retarget_position = true

[node name="skelman" parent="." instance=ExtResource( "1_3cj5j" )]
transform = Transform3D(1, 0, 0, 0, 1, 0, 0, 0, 1, -1, 0, 0)

[node name="Skeleton3D" parent="skelman/Armature" index="0"]
bones/0/rotation = Quaternion(0.860365, 5.94293e-05, 5.94292e-05, 0.509679)
bones/1/rotation = Quaternion(0.00186708, -0.870321, -0.492481, 0.0011831)
bones/2/rotation = Quaternion(-0.111732, -0.00217174, -0.00272035, 0.993732)
bones/3/rotation = Quaternion(0.549113, 0.0363004, -0.0110053, 0.834887)
bones/4/rotation = Quaternion(0.270947, -0.0639027, 0.0175605, 0.96031)
bones/6/rotation = Quaternion(0.00126413, 0.870419, 0.492307, 0.00166276)
bones/7/rotation = Quaternion(-0.112157, 0.00219676, 0.00271962, 0.993684)
bones/11/rotation = Quaternion(-0.812217, -0.000152917, -0.000103021, 0.583356)
bones/12/rotation = Quaternion(-0.0726572, -4.53545e-07, 5.41364e-07, 0.997357)
bones/14/rotation = Quaternion(0.54932, -0.445128, 0.546341, 0.449022)
bones/15/rotation = Quaternion(-0.100732, -0.0113494, 0.00453808, 0.994838)
bones/16/rotation = Quaternion(-0.000161413, 0.0106501, -0.00363115, 0.999937)
bones/17/rotation = Quaternion(-0.0206756, 0.0294982, -0.0119449, 0.99928)
bones/18/rotation = Quaternion(0.0201605, 0.0136153, 0.0136765, 0.99961)
bones/19/rotation = Quaternion(-2.30931e-05, 0.000569524, -0.000394217, 1)
bones/20/rotation = Quaternion(3.47423e-05, 0.000533249, -0.00219746, 0.999997)
bones/22/rotation = Quaternion(0.0201482, 0.0127083, 0.0125388, 0.999638)
bones/23/rotation = Quaternion(-4.96559e-06, 1.51281e-05, -0.000742642, 1)
bones/24/rotation = Quaternion(2.63701e-05, 5.26247e-05, -5.87292e-05, 1)
bones/26/rotation = Quaternion(0.0202186, 0.00834452, 0.0134515, 0.99967)
bones/27/rotation = Quaternion(-1.85514e-05, 0.000201349, -0.0014596, 0.999999)
bones/28/rotation = Quaternion(2.93783e-05, -6.50106e-05, 0.000726395, 1)
bones/30/rotation = Quaternion(0.0201499, 0.0117071, 0.0118496, 0.999658)
bones/31/rotation = Quaternion(2.02764e-05, -5.89289e-05, 0.000260917, 1)
bones/32/rotation = Quaternion(-2.14019e-05, -0.000411414, -0.000234631, 1)
bones/34/rotation = Quaternion(0.148057, -0.015769, -0.341154, 0.92814)
bones/35/rotation = Quaternion(0.0118145, -0.00567076, 0.13941, 0.990148)
bones/36/rotation = Quaternion(-0.127639, 0.0133087, 0.0627797, 0.989742)
bones/38/rotation = Quaternion(0.549109, 0.445283, -0.546637, 0.448766)
bones/39/rotation = Quaternion(-0.100767, 0.0112214, -0.00406358, 0.994838)
bones/40/rotation = Quaternion(-0.000159945, -0.0105049, 0.00363371, 0.999938)
bones/41/rotation = Quaternion(-0.0297401, -0.0380015, 0.0131945, 0.998748)
bones/42/rotation = Quaternion(0.0290181, -0.0140035, -0.0154523, 0.999361)
bones/43/rotation = Quaternion(2.37779e-05, 0.00067156, 0.00178154, 0.999998)
bones/44/rotation = Quaternion(-3.04261e-05, -0.000628837, -0.00123341, 0.999999)
bones/46/rotation = Quaternion(0.028987, -0.0158886, -0.0145574, 0.999348)
bones/47/rotation = Quaternion(-1.40369e-05, 3.53159e-05, -0.000221508, 1)
bones/48/rotation = Quaternion(2.01136e-05, 0.00012089, -0.000272515, 1)
bones/50/rotation = Quaternion(0.0290578, -0.00953959, -0.012987, 0.999448)
bones/51/rotation = Quaternion(3.78259e-05, -3.03433e-05, -0.000289006, 1)
bones/52/rotation = Quaternion(-5.18748e-05, -0.000475371, -0.000623927, 1)
bones/54/rotation = Quaternion(0.149524, 0.0206832, 0.323242, 0.9342)
bones/55/rotation = Quaternion(0.0167892, 0.00664716, -0.122057, 0.992359)
bones/56/rotation = Quaternion(-0.130885, -0.0144521, -0.00835736, 0.991257)
bones/58/rotation = Quaternion(0.0288897, -0.0206856, -0.0142948, 0.999266)
bones/59/rotation = Quaternion(3.35788e-05, -3.36991e-05, -0.00016587, 1)
bones/60/rotation = Quaternion(-2.63123e-05, -8.69205e-06, -0.00183114, 0.999998)
bones/62/rotation = Quaternion(0.0570215, 1.24184e-06, 1.07216e-06, 0.998373)
bones/63/rotation = Quaternion(-3.33786e-06, 5.68435e-13, -1.98952e-13, 1)

[node name="SK_female_doll" parent="." instance=ExtResource( "2_j0i1k" )]

[node name="Skeleton3D" parent="SK_female_doll" index="0"]
transform = Transform3D(1, 0, 0, 0, 1, 0, 0, 0, 1, 0.97173, 0, 0)
bones/0/rest = Transform3D(-1, 0, 0, 0, 1, 0, 0, 0, -1, 1.8e-05, 0.955229, 0.00214899)
bones/0/rotation = Quaternion(0, 1, 0, 0)

[node name="MixamoRetarget" type="SkeletonRetarget" parent="."]
retarget_profile = ExtResource( "2_og74m" )
source_skeleton = NodePath("../Animations/wave_hip_hop_dance/RootNode/Armature/Skeleton3D")
source_map = ExtResource( "4_c57ry" )
target_skeleton = NodePath("../SK_female_doll/Skeleton3D")
target_map = ExtResource( "6_j7qga" )
retarget_position = true

[node name="MixamoXbotRetarget" type="SkeletonRetarget" parent="."]
retarget_profile = ExtResource( "2_og74m" )
source_skeleton = NodePath("../Animations/wave_hip_hop_dance/RootNode/Armature/Skeleton3D")
source_map = ExtResource( "4_c57ry" )
target_skeleton = NodePath("../xbot/RootNode/Skeleton3D")
target_map = ExtResource( "6_j7qga" )
retarget_position = true

[node name="xbot" parent="." instance=ExtResource( "7_2t60k" )]
transform = Transform3D(1, 0, 0, 0, 1, 0, 0, 0, 1, 4.80998, 0, 0)

[node name="BoneAttachment3D" parent="xbot/RootNode/Skeleton3D" index="0"]
transform = Transform3D(0.479927, -0.0322296, 0.876716, 0.00631074, 0.999426, 0.0332861, -0.877286, -0.0104422, 0.479855, -0.0678147, 1.59374, 0.0307797)
bone_idx = 5

[node name="BoneAttachment3D2" parent="xbot/RootNode/Skeleton3D" index="1"]
transform = Transform3D(0.479927, -0.0322296, 0.876716, 0.00631074, 0.999426, 0.0332861, -0.877286, -0.0104422, 0.479855, -0.0678147, 1.59374, 0.0307797)
bone_idx = 5

[node name="BoneAttachment3D3" parent="xbot/RootNode/Skeleton3D" index="2"]
transform = Transform3D(0.479927, -0.0322296, 0.876716, 0.00631074, 0.999426, 0.0332861, -0.877286, -0.0104422, 0.479855, -0.0678147, 1.59374, 0.0307797)
bone_idx = 5

[node name="BoneAttachment3D4" parent="xbot/RootNode/Skeleton3D" index="3"]
transform = Transform3D(0.98429, 0.0535914, -0.168227, 0.0748065, 0.736481, 0.672309, 0.159926, -0.674332, 0.720903, 0.50901, 1.14342, -0.017148)
bone_idx = 12

[node name="BoneAttachment3D5" parent="xbot/RootNode/Skeleton3D" index="4"]
transform = Transform3D(0.922207, -0.258478, -0.287617, 0.385587, 0.670974, 0.633338, 0.0292797, -0.69497, 0.718442, 0.586917, 1.17319, -0.0703729)
bone_idx = 15

[node name="BoneAttachment3D6" parent="xbot/RootNode/Skeleton3D" index="5"]
transform = Transform3D(0.914319, -0.284535, -0.288204, 0.40483, 0.662478, 0.630267, 0.0115956, -0.692938, 0.720904, 0.596185, 1.16138, -0.0892198)
bone_idx = 18

[node name="BoneAttachment3D7" parent="xbot/RootNode/Skeleton3D" index="6"]
transform = Transform3D(0.915753, -0.281096, -0.287022, 0.401525, 0.663862, 0.630924, 0.0131931, -0.693017, 0.720801, 0.589728, 1.14679, -0.103509)
bone_idx = 21

[node name="BoneAttachment3D8" parent="xbot/RootNode/Skeleton3D" index="7"]
transform = Transform3D(0.896213, -0.324889, -0.302077, 0.443565, 0.645103, 0.622168, -0.00726482, -0.691585, 0.722258, 0.578607, 1.12991, -0.117006)
bone_idx = 24

[node name="BoneAttachment3D9" parent="xbot/RootNode/Skeleton3D" index="8"]
transform = Transform3D(-0.875759, -0.0826935, -0.475613, 0.0511179, 0.963796, -0.261698, 0.480034, -0.253496, -0.839826, 0.281239, 1.2445, 0.283277)
bone_idx = 31

[node name="BoneAttachment3D10" parent="xbot/RootNode/Skeleton3D" index="9"]
transform = Transform3D(-0.875759, -0.0826935, -0.475613, 0.0511179, 0.963796, -0.261698, 0.480034, -0.253496, -0.839826, 0.28394, 1.24299, 0.259109)
bone_idx = 34

[node name="BoneAttachment3D11" parent="xbot/RootNode/Skeleton3D" index="10"]
transform = Transform3D(-0.875759, -0.0826935, -0.475613, 0.0511179, 0.963796, -0.261698, 0.480034, -0.253496, -0.839826, 0.283671, 1.23803, 0.2386)
bone_idx = 37

[node name="BoneAttachment3D12" parent="xbot/RootNode/Skeleton3D" index="11"]
transform = Transform3D(-0.875759, -0.0826935, -0.475613, 0.0511179, 0.963796, -0.261698, 0.480034, -0.253496, -0.839826, 0.268848, 1.2274, 0.223395)
bone_idx = 40

[node name="BoneAttachment3D13" parent="xbot/RootNode/Skeleton3D" index="12"]
transform = Transform3D(-0.875759, -0.0826932, -0.475614, 0.0511184, 0.963796, -0.261697, 0.480035, -0.253496, -0.839825, 0.190257, 1.17824, 0.237752)
bone_idx = 43

[node name="BoneAttachment3D14" parent="xbot/RootNode/Skeleton3D" index="13"]
transform = Transform3D(0.618829, -0.0017955, 0.785524, -0.0154359, 0.999777, 0.0144454, -0.785375, -0.0210645, 0.618662, 0.228804, 0.00987023, 0.0705794)
bone_idx = 47

[node name="BoneAttachment3D15" parent="xbot/RootNode/Skeleton3D" index="14"]
transform = Transform3D(0.514907, 0.0728374, 0.854146, -0.0805572, 0.996086, -0.036379, -0.853453, -0.0500759, 0.518759, -0.119011, 0.000534989, 0.049524)
bone_idx = 51

[node name="Text" type="Node3D" parent="."]

[node name="Mixamo" parent="Text" instance=ExtResource( "6_7qcml" )]
transform = Transform3D(1, 0, 0, 0, 1, 0, 0, 0, 1, 4.78627, 2, 0)

[node name="Mixamo2" parent="Text" instance=ExtResource( "6_7qcml" )]
transform = Transform3D(1, 0, 0, 0, 1, 0, 0, 0, 1, 0.948569, 2, 0)

[node name="Animation Retargeting" parent="Text" instance=ExtResource( "1_74755" )]
transform = Transform3D(2, 0, 0, 0, 2, 0, 0, 0, 1, 0.975302, 2.56627, 0)

[node name="VRM" parent="Text" instance=ExtResource( "7_1bhhg" )]
transform = Transform3D(1, 0, 0, 0, 1, 0, 0, 0, 1, -1.04753, 2, 0)

[node name="VRM3" parent="Text" instance=ExtResource( "7_1bhhg" )]
transform = Transform3D(1, 0, 0, 0, 1, 0, 0, 0, 1, -1.0331, 2, -2.37288)

[node name="VRM2" parent="Text" instance=ExtResource( "7_1bhhg" )]
transform = Transform3D(1, 0, 0, 0, 1, 0, 0, 0, 1, 2.97102, 2, 0)

[node name="ANIM_wave_hip_hop_dancegltf" parent="Text" instance=ExtResource( "1_ykigl" )]
transform = Transform3D(1, 0, 0, 0, 1, 0, 0, 0, 1, -3.55048, 2, 0)

[editable path="Animations/wave_hip_hop_dance"]
[editable path="Animations/three-vrm-girl"]
[editable path="Animations/xbotPlaying The Violin2"]
[editable path="three-vrm-girl3"]
[editable path="skelman"]
[editable path="SK_female_doll"]
[editable path="xbot"]
