[gd_scene load_steps=19 format=3 uid="uid://cn3etaaux58m"]

[ext_resource type="PackedScene" uid="uid://d48fy4uvwp3n" path="res://art/SK_female_doll/female_doll_2022_03_05_03.glb" id="1_3cj5j"]
[ext_resource type="PackedScene" uid="uid://b8hrdk0ys06qq" path="res://ANIM_hip_hop/wave_hip_hop_dance.tscn" id="1_3opiw"]
[ext_resource type="PackedScene" uid="uid://dy3caiksoimde" path="res://text/Animation Retargeting.svg" id="1_74755"]
[ext_resource type="PackedScene" uid="uid://bb452kv4mivyt" path="res://text/ANIM_wave_hip_hop_dance.gltf.glb" id="1_ykigl"]
[ext_resource type="PackedScene" uid="uid://c3y4lao76hnq1" path="res://ANIM_play_violin/xbotPlaying The Violin2.tscn" id="2_1gu8y"]
[ext_resource type="PackedScene" path="res://art/SK_female_doll/SK_female_doll.vrm" id="2_j0i1k"]
[ext_resource type="RetargetBoneMap" uid="uid://be7mocsvdcbr0" path="res://models/violin_vrm_map.tres" id="2_mk8hq"]
[ext_resource type="RetargetRichProfile" uid="uid://b2pjclia5lmhq" path="res://profiles/gd_humanoid.tres" id="2_og74m"]
[ext_resource type="RetargetBoneMap" uid="uid://cce134pih6sq6" path="res://models/mixamo_map.tres" id="4_c57ry"]
[ext_resource type="RetargetBoneMap" uid="uid://c0bu03vcbuadc" path="res://models/three_girl_vrm_map.tres" id="4_kr0sw"]
[ext_resource type="PackedScene" uid="uid://bs7esjhiwaba2" path="res://text/Mixamo.svg" id="6_7qcml"]
[ext_resource type="RetargetBoneMap" uid="uid://b41gxip8w12xa" path="res://models/female_doll_map.tres" id="6_j7qga"]
[ext_resource type="PackedScene" path="res://art/SK_three_girl/three-vrm-girl.vrm" id="6_sj4ok"]
[ext_resource type="PackedScene" uid="uid://baftw5t4666kr" path="res://text/VRM.gltf.glb" id="7_1bhhg"]
[ext_resource type="PackedScene" uid="uid://yma6e5nmqpis" path="res://art/xbox/xbot.glb" id="7_2t60k"]

[sub_resource type="ProceduralSkyMaterial" id="ProceduralSkyMaterial_880m6"]
sky_horizon_color = Color(0.64625, 0.65575, 0.67075, 1)
ground_horizon_color = Color(0.64625, 0.65575, 0.67075, 1)

[sub_resource type="Sky" id="Sky_px0re"]
sky_material = SubResource( "ProceduralSkyMaterial_880m6" )

[sub_resource type="Environment" id="Environment_g3xgb"]
background_mode = 2
sky = SubResource( "Sky_px0re" )
tonemap_mode = 2
sdfgi_enabled = true
sdfgi_use_occlusion = true
sdfgi_cascades = 1
sdfgi_min_cell_size = 31.25
sdfgi_cascade0_distance = 2000.0
sdfgi_max_distance = 4000.0
sdfgi_y_scale = 0
glow_enabled = true

[node name="Node3D" type="Node3D"]

[node name="DirectionalLight3D" type="DirectionalLight3D" parent="."]
transform = Transform3D(-0.866023, -0.433016, 0.250001, 0, 0.499998, 0.866027, -0.500003, 0.749999, -0.43301, 0, 0, 0)
shadow_enabled = true
directional_shadow_max_distance = 250.0

[node name="WorldEnvironment" type="WorldEnvironment" parent="."]
environment = SubResource( "Environment_g3xgb" )

[node name="Animations" type="Node3D" parent="."]

[node name="wave_hip_hop_dance" parent="Animations" instance=ExtResource( "1_3opiw" )]

[node name="Skeleton3D" parent="Animations/wave_hip_hop_dance/RootNode/Armature" index="0"]
bones/0/position = Vector3(0.105078, 0.923503, -0.114593)
bones/0/rotation = Quaternion(0.0197289, -0.233452, 0.0896478, 0.968026)
bones/1/rotation = Quaternion(0.150651, -0.0657928, -0.0131012, 0.986308)
bones/2/rotation = Quaternion(0.00587006, -0.00596472, -0.0513703, 0.998643)
bones/3/rotation = Quaternion(0.00536788, -0.00762047, -0.0512056, 0.998643)
bones/4/rotation = Quaternion(-0.0461256, -0.0445031, 0.0549403, 0.996429)
bones/6/rotation = Quaternion(-0.00199688, -0.154801, 0.0647521, 0.985819)
bones/7/rotation = Quaternion(0.00721061, -0.0541639, -0.00178934, 0.998504)
bones/8/rotation = Quaternion(0.307903, -0.513614, -0.370942, 0.709788)
bones/9/rotation = Quaternion(-7.15763e-08, -0.351995, -8.0248e-08, 0.936002)
bones/10/rotation = Quaternion(0.242488, -0.0441357, 0.0560494, 0.967528)
bones/14/rotation = Quaternion(-0.000685691, -0.0210933, 0.0635953, 0.997753)
bones/15/rotation = Quaternion(6.25906e-05, -0.0019238, 0.000197184, 0.999996)
bones/16/rotation = Quaternion(1.27624e-08, -3.57543e-05, 0.00201653, 0.999998)
bones/17/rotation = Quaternion(-0.00097894, -0.0213358, 0.0781956, 0.996709)
bones/18/rotation = Quaternion(0.000499161, -0.00686712, 0.000700759, 0.999976)
bones/19/rotation = Quaternion(-8.32765e-09, -0.000690596, 0.0389757, 0.99924)
bones/20/rotation = Quaternion(0.000405054, -0.0201343, 0.00904299, 0.999756)
bones/21/rotation = Quaternion(-1.53231e-07, 0.000391749, -0.022109, 0.999755)
bones/22/rotation = Quaternion(-1.93114e-08, 0.00107812, -0.0608442, 0.998147)
bones/23/rotation = Quaternion(0.00419295, 0.0168368, -0.064258, 0.997783)
bones/24/rotation = Quaternion(0.00278144, -0.0341528, -0.0787696, 0.996304)
bones/25/rotation = Quaternion(-8.20149e-08, 0.0020472, -0.115542, 0.9933)
bones/26/rotation = Quaternion(0.0220024, 0.219683, 0.0302074, 0.974855)
bones/27/rotation = Quaternion(0.463654, -0.0135915, -0.0743388, 0.882788)
bones/28/rotation = Quaternion(-3.86219e-07, 0.647632, 2.25456e-07, 0.761953)
bones/29/rotation = Quaternion(-0.0357505, -0.0969815, 0.0264086, 0.994293)
bones/33/rotation = Quaternion(0.00112357, 0.0174542, 0.0365993, 0.999177)
bones/34/rotation = Quaternion(6.64851e-09, -0.00129428, 0.0324631, 0.999472)
bones/35/rotation = Quaternion(5.08533e-09, 0.00108445, -0.0272009, 0.999629)
bones/36/rotation = Quaternion(0.000900107, 0.0179367, 0.0247969, 0.999531)
bones/37/rotation = Quaternion(-6.60067e-08, -0.00269027, 0.0674738, 0.997717)
bones/38/rotation = Quaternion(1.1519e-08, -0.00103382, 0.0259313, 0.999663)
bones/39/rotation = Quaternion(0.00142959, 0.0167891, 0.0527612, 0.998465)
bones/40/rotation = Quaternion(-1.20899e-07, -0.00448942, 0.112601, 0.99363)
bones/41/rotation = Quaternion(4.15397e-08, -0.00332217, 0.0833261, 0.996517)
bones/42/rotation = Quaternion(0.00207892, 0.01536, 0.0870927, 0.99608)
bones/43/rotation = Quaternion(-1.39674e-07, -0.00581794, 0.145926, 0.989279)
bones/44/rotation = Quaternion(5.60162e-08, -0.00380113, 0.0953365, 0.995437)
bones/45/rotation = Quaternion(-0.0331376, 0.134185, 0.0167539, 0.99026)
bones/46/rotation = Quaternion(0.225878, -0.071217, -0.0353086, 0.970907)
bones/47/rotation = Quaternion(-0.0489975, -0.0689936, -0.264427, 0.960686)
bones/48/rotation = Quaternion(-0.115415, 0.00352464, 0.0961717, 0.988645)
bones/49/rotation = Quaternion(-0.278862, 0.0387301, -0.131474, 0.9505)
bones/50/rotation = Quaternion(0.245852, 0.00873468, -0.0981321, 0.964288)
bones/51/rotation = Quaternion(-0.0001126, -0.00273562, 0.0619696, 0.998073)
bones/52/rotation = Quaternion(-0.000525968, -1.90002e-08, 9.95728e-05, 1)

[node name="AnimationPlayer" parent="Animations/wave_hip_hop_dance" index="1"]
autoplay = "Armature|Armature|mixamocom|Layer0001"

[node name="three-vrm-girl" parent="Animations" instance=ExtResource( "6_sj4ok" )]
transform = Transform3D(1, 0, 0, 0, 1, 0, 0, 0, 1, -1.048, 0, -2.557)
update_in_editor = true

[node name="Skeleton3D" parent="Animations/three-vrm-girl/Root" index="0"]
bones/0/rest = Transform3D(-1, 0, 0, 0, 1, 0, 0, 0, -1, 0.000217693, 0.893992, -0.00574204)
bones/0/rotation = Quaternion(0, 1, 0, 0)

[node name="xbotPlaying The Violin2" parent="Animations" instance=ExtResource( "2_1gu8y" )]

[node name="Skeleton3D" parent="Animations/xbotPlaying The Violin2/RootNode" index="0"]
bones/0/position = Vector3(0.0095385, 1.03605, 0.026371)
bones/0/rotation = Quaternion(-0.0423093, -0.12323, -0.00313502, 0.99147)
bones/1/rotation = Quaternion(0.066392, -0.0606358, 0.0109252, 0.995889)
bones/2/rotation = Quaternion(0.0131255, -0.0166578, 0.00428087, 0.999766)
bones/3/rotation = Quaternion(0.0131615, -0.0164913, 0.00450024, 0.999767)
bones/4/rotation = Quaternion(-0.0295429, 0.0297971, -0.00826921, 0.999085)
bones/5/rotation = Quaternion(-0.0126551, 0.321852, -0.155553, 0.933837)
bones/6/rotation = Quaternion(0.00866308, -0.0508569, -0.0628438, 0.996689)
bones/7/rotation = Quaternion(-0.322717, 0.00593935, -0.450172, 0.832564)
bones/8/rotation = Quaternion(-9.16237e-07, -0.520359, -1.54631e-06, 0.853948)
bones/9/rotation = Quaternion(-0.798496, -0.167387, -0.276487, 0.507878)
bones/10/rotation = Quaternion(0.190841, -0.0134659, -0.108185, 0.975547)
bones/11/rotation = Quaternion(0.126099, -0.0114666, 0.11408, 0.98537)
bones/12/rotation = Quaternion(-0.122735, -0.198583, 0.0813424, 0.968961)
bones/13/rotation = Quaternion(0.00447538, 0.0209952, -0.366183, 0.930294)
bones/14/rotation = Quaternion(-1.08767e-08, 0.0676113, -0.662721, 0.745808)
bones/15/rotation = Quaternion(3.89092e-08, 0.0611963, -0.599841, 0.797776)
bones/16/rotation = Quaternion(-0.00563335, 0.037479, -0.229695, 0.972523)
bones/17/rotation = Quaternion(-1.21324e-07, 0.0519066, -0.508783, 0.859328)
bones/18/rotation = Quaternion(3.50799e-08, 0.0525402, -0.514993, 0.855583)
bones/19/rotation = Quaternion(-0.00226651, 0.0282139, -0.114577, 0.99301)
bones/20/rotation = Quaternion(-9.34122e-08, 0.0597872, -0.586029, 0.808081)
bones/21/rotation = Quaternion(-3.88887e-08, 0.0573346, -0.561989, 0.825155)
bones/22/rotation = Quaternion(-0.0127213, 0.0478754, -0.119651, 0.991578)
bones/23/rotation = Quaternion(-8.79999e-08, 0.0489515, -0.47982, 0.876)
bones/24/rotation = Quaternion(-6.06246e-08, 0.0481993, -0.472445, 0.880041)
bones/25/rotation = Quaternion(0.0181596, 0.13028, 0.148171, 0.980175)
bones/26/rotation = Quaternion(-0.143356, 0.223024, 0.273273, 0.924679)
bones/27/rotation = Quaternion(1.20212e-07, 0.596248, -1.62909e-07, 0.802801)
bones/28/rotation = Quaternion(0.217013, 0.37713, 0.0252885, 0.900022)
bones/29/rotation = Quaternion(-0.0127336, -0.0689827, 0.591731, 0.803077)
bones/30/rotation = Quaternion(7.38673e-06, -0.0426777, 0.527069, 0.84875)
bones/31/rotation = Quaternion(5.78445e-08, -0.0421464, 0.520362, 0.852905)
bones/32/rotation = Quaternion(-0.0127542, -0.0541362, 0.514176, 0.855879)
bones/33/rotation = Quaternion(3.82063e-08, -0.0419686, 0.518168, 0.854248)
bones/34/rotation = Quaternion(7.64201e-08, -0.0401058, 0.495168, 0.867871)
bones/35/rotation = Quaternion(-0.0105131, -0.0444003, 0.402263, 0.914386)
bones/36/rotation = Quaternion(1.90926e-08, -0.0468836, 0.578851, 0.814085)
bones/37/rotation = Quaternion(1.0251e-05, -0.047463, 0.585829, 0.809044)
bones/38/rotation = Quaternion(0.00480467, -0.00921857, 0.299864, 0.953925)
bones/39/rotation = Quaternion(4.20823e-08, -0.0397631, 0.490938, 0.870287)
bones/40/rotation = Quaternion(7.25116e-10, -0.0338846, 0.418358, 0.90765)
bones/41/rotation = Quaternion(0.0352114, -0.0474593, 0.0181739, 0.998087)
bones/42/rotation = Quaternion(0.135647, -0.0128819, -0.110187, 0.984527)
bones/43/rotation = Quaternion(-0.194409, 0.178129, -0.0828041, 0.961051)
bones/44/rotation = Quaternion(-0.0244131, 0.0740948, 0.053282, 0.995528)
bones/45/rotation = Quaternion(0.0749624, 0.0858547, 0.0144731, 0.993378)
bones/46/rotation = Quaternion(0.0147857, 0.0783567, -0.0528725, 0.995412)
bones/47/rotation = Quaternion(-0.00547464, -7.97166e-07, -0.000161065, 0.999985)
bones/48/rotation = Quaternion(-0.00960009, -0.121599, -0.0370681, 0.99184)
bones/49/rotation = Quaternion(0.103624, 0.000691606, 0.0141242, 0.994515)
bones/50/rotation = Quaternion(-0.0492398, 0.0130305, 0.00832004, 0.998667)
bones/51/rotation = Quaternion(-0.0380439, -6.64688e-08, 5.19812e-10, 0.999277)

[node name="ViolinVRMGirlRetarget" type="SkeletonRetarget" parent="."]
retarget_profile = ExtResource( "2_og74m" )
source_skeleton = NodePath("../Animations/xbotPlaying The Violin2/RootNode/Skeleton3D")
source_map = ExtResource( "2_mk8hq" )
target_skeleton = NodePath("../Animations/three-vrm-girl/Root/Skeleton3D")
target_map = ExtResource( "4_kr0sw" )
retarget_position = true
retarget_scale = true

[node name="Camera3D" type="Camera3D" parent="."]
transform = Transform3D(0.991105, -0.0469287, 0.124535, 0, 0.935765, 0.352625, -0.133084, -0.349488, 0.927441, 2.05973, 2.2165, 3.44805)

[node name="ThreeVRMRetarget" type="SkeletonRetarget" parent="."]
retarget_profile = ExtResource( "2_og74m" )
source_skeleton = NodePath("../Animations/wave_hip_hop_dance/RootNode/Armature/Skeleton3D")
source_map = ExtResource( "4_c57ry" )
target_skeleton = NodePath("../three-vrm-girl3/Root/Skeleton3D")
target_map = ExtResource( "4_kr0sw" )
retarget_position = true

[node name="three-vrm-girl3" parent="." instance=ExtResource( "6_sj4ok" )]
transform = Transform3D(1, 0, 0, 0, 1, 0, 0, 0, 1, 2.94859, 0, 0)
vrm_skeleton = NodePath("")
vrm_animplayer = NodePath("")
vrm_secondary = NodePath("")
update_in_editor = true

[node name="Skeleton3D" parent="three-vrm-girl3/Root" index="0"]
bones/0/rest = Transform3D(-1, 0, 0, 0, 1, 0, 0, 0, -1, 0.000217693, 0.893992, -0.00574204)
bones/0/rotation = Quaternion(0, 1, 0, 0)

[node name="FemaleDollRetarget" type="SkeletonRetarget" parent="."]
retarget_profile = ExtResource( "2_og74m" )
source_skeleton = NodePath("../Animations/wave_hip_hop_dance/RootNode/Armature/Skeleton3D")
source_map = ExtResource( "4_c57ry" )
target_skeleton = NodePath("../skelman/Armature/Skeleton3D")
target_map = ExtResource( "2_mk8hq" )
retarget_position = true

[node name="skelman" parent="." instance=ExtResource( "1_3cj5j" )]
transform = Transform3D(1, 0, 0, 0, 1, 0, 0, 0, 1, -1, 0, 0)

[node name="Skeleton3D" parent="skelman/Armature" index="0"]
bones/0/rotation = Quaternion(0.860365, 5.94293e-05, 5.94292e-05, 0.509679)
bones/1/rotation = Quaternion(0.00186708, -0.870321, -0.492481, 0.0011831)
bones/2/rotation = Quaternion(-0.111732, -0.00217174, -0.00272035, 0.993732)
bones/3/rotation = Quaternion(0.549113, 0.0363004, -0.0110053, 0.834887)
bones/4/rotation = Quaternion(0.270947, -0.0639027, 0.0175605, 0.96031)
bones/6/rotation = Quaternion(0.00126413, 0.870419, 0.492307, 0.00166276)
bones/7/rotation = Quaternion(-0.112157, 0.00219676, 0.00271962, 0.993684)
bones/11/rotation = Quaternion(-0.812217, -0.000152917, -0.000103021, 0.583356)
bones/12/rotation = Quaternion(-0.0726572, -4.53545e-07, 5.41364e-07, 0.997357)
bones/14/rotation = Quaternion(0.54932, -0.445128, 0.546341, 0.449022)
bones/15/rotation = Quaternion(-0.100732, -0.0113494, 0.00453808, 0.994838)
bones/16/rotation = Quaternion(-0.000161413, 0.0106501, -0.00363115, 0.999937)
bones/17/rotation = Quaternion(-0.0206756, 0.0294982, -0.0119449, 0.99928)
bones/18/rotation = Quaternion(0.0201605, 0.0136153, 0.0136765, 0.99961)
bones/19/rotation = Quaternion(-2.30931e-05, 0.000569524, -0.000394217, 1)
bones/20/rotation = Quaternion(3.47423e-05, 0.000533249, -0.00219746, 0.999997)
bones/22/rotation = Quaternion(0.0201482, 0.0127083, 0.0125388, 0.999638)
bones/23/rotation = Quaternion(-4.96559e-06, 1.51281e-05, -0.000742642, 1)
bones/24/rotation = Quaternion(2.63701e-05, 5.26247e-05, -5.87292e-05, 1)
bones/26/rotation = Quaternion(0.0202186, 0.00834452, 0.0134515, 0.99967)
bones/27/rotation = Quaternion(-1.85514e-05, 0.000201349, -0.0014596, 0.999999)
bones/28/rotation = Quaternion(2.93783e-05, -6.50106e-05, 0.000726395, 1)
bones/30/rotation = Quaternion(0.0201499, 0.0117071, 0.0118496, 0.999658)
bones/31/rotation = Quaternion(2.02764e-05, -5.89289e-05, 0.000260917, 1)
bones/32/rotation = Quaternion(-2.14019e-05, -0.000411414, -0.000234631, 1)
bones/34/rotation = Quaternion(0.148057, -0.015769, -0.341154, 0.92814)
bones/35/rotation = Quaternion(0.0118145, -0.00567076, 0.13941, 0.990148)
bones/36/rotation = Quaternion(-0.127639, 0.0133087, 0.0627797, 0.989742)
bones/38/rotation = Quaternion(0.549109, 0.445283, -0.546637, 0.448766)
bones/39/rotation = Quaternion(-0.100767, 0.0112214, -0.00406358, 0.994838)
bones/40/rotation = Quaternion(-0.000159945, -0.0105049, 0.00363371, 0.999938)
bones/41/rotation = Quaternion(-0.0297401, -0.0380015, 0.0131945, 0.998748)
bones/42/rotation = Quaternion(0.0290181, -0.0140035, -0.0154523, 0.999361)
bones/43/rotation = Quaternion(2.37779e-05, 0.00067156, 0.00178154, 0.999998)
bones/44/rotation = Quaternion(-3.04261e-05, -0.000628837, -0.00123341, 0.999999)
bones/46/rotation = Quaternion(0.028987, -0.0158886, -0.0145574, 0.999348)
bones/47/rotation = Quaternion(-1.40369e-05, 3.53159e-05, -0.000221508, 1)
bones/48/rotation = Quaternion(2.01136e-05, 0.00012089, -0.000272515, 1)
bones/50/rotation = Quaternion(0.0290578, -0.00953959, -0.012987, 0.999448)
bones/51/rotation = Quaternion(3.78259e-05, -3.03433e-05, -0.000289006, 1)
bones/52/rotation = Quaternion(-5.18748e-05, -0.000475371, -0.000623927, 1)
bones/54/rotation = Quaternion(0.149524, 0.0206832, 0.323242, 0.9342)
bones/55/rotation = Quaternion(0.0167892, 0.00664716, -0.122057, 0.992359)
bones/56/rotation = Quaternion(-0.130885, -0.0144521, -0.00835736, 0.991257)
bones/58/rotation = Quaternion(0.0288897, -0.0206856, -0.0142948, 0.999266)
bones/59/rotation = Quaternion(3.35788e-05, -3.36991e-05, -0.00016587, 1)
bones/60/rotation = Quaternion(-2.63123e-05, -8.69205e-06, -0.00183114, 0.999998)
bones/62/rotation = Quaternion(0.0570215, 1.24184e-06, 1.07216e-06, 0.998373)
bones/63/rotation = Quaternion(-3.33786e-06, 5.68435e-13, -1.98952e-13, 1)

[node name="SK_female_doll" parent="." instance=ExtResource( "2_j0i1k" )]

[node name="Skeleton3D" parent="SK_female_doll" index="0"]
transform = Transform3D(1, 0, 0, 0, 1, 0, 0, 0, 1, 0.97173, 0, 0)
bones/0/rest = Transform3D(-1, 0, 0, 0, 1, 0, 0, 0, -1, 1.8e-05, 0.955229, 0.00214899)
bones/0/rotation = Quaternion(0, 1, 0, 0)

[node name="MixamoRetarget" type="SkeletonRetarget" parent="."]
retarget_profile = ExtResource( "2_og74m" )
source_skeleton = NodePath("../Animations/wave_hip_hop_dance/RootNode/Armature/Skeleton3D")
source_map = ExtResource( "4_c57ry" )
target_skeleton = NodePath("../SK_female_doll/Skeleton3D")
target_map = ExtResource( "6_j7qga" )
retarget_position = true

[node name="MixamoXbotRetarget" type="SkeletonRetarget" parent="."]
retarget_profile = ExtResource( "2_og74m" )
source_skeleton = NodePath("../Animations/wave_hip_hop_dance/RootNode/Armature/Skeleton3D")
source_map = ExtResource( "4_c57ry" )
target_skeleton = NodePath("../xbot/RootNode/Skeleton3D")
target_map = ExtResource( "6_j7qga" )
retarget_position = true

[node name="xbot" parent="." instance=ExtResource( "7_2t60k" )]
transform = Transform3D(1, 0, 0, 0, 1, 0, 0, 0, 1, 4.80998, 0, 0)

[node name="BoneAttachment3D" parent="xbot/RootNode/Skeleton3D" index="0"]
transform = Transform3D(0.634536, -0.0385117, -0.771933, 0.00532483, 0.998952, -0.0454605, 0.772875, 0.0247359, 0.634076, 0.00637819, 1.55164, 0.0188702)
bone_idx = 5

[node name="BoneAttachment3D2" parent="xbot/RootNode/Skeleton3D" index="1"]
transform = Transform3D(0.634536, -0.0385117, -0.771933, 0.00532483, 0.998952, -0.0454605, 0.772875, 0.0247359, 0.634076, 0.00637819, 1.55164, 0.0188702)
bone_idx = 5

[node name="BoneAttachment3D3" parent="xbot/RootNode/Skeleton3D" index="2"]
transform = Transform3D(0.634536, -0.0385117, -0.771933, 0.00532483, 0.998952, -0.0454605, 0.772875, 0.0247359, 0.634076, 0.00637819, 1.55164, 0.0188702)
bone_idx = 5

[node name="BoneAttachment3D4" parent="xbot/RootNode/Skeleton3D" index="3"]
transform = Transform3D(-0.835772, -0.331766, -0.437512, -0.54198, 0.370763, 0.754184, -0.0879992, 0.867448, -0.489684, 0.0399516, 0.847231, -0.0718834)
bone_idx = 12

[node name="BoneAttachment3D5" parent="xbot/RootNode/Skeleton3D" index="4"]
transform = Transform3D(-0.943719, -0.0674351, -0.323801, -0.311572, 0.509762, 0.801914, 0.110985, 0.857669, -0.502083, -0.0254388, 0.807426, -0.00987994)
bone_idx = 15

[node name="BoneAttachment3D6" parent="xbot/RootNode/Skeleton3D" index="5"]
transform = Transform3D(-0.955816, 0.0495253, -0.289766, -0.216114, 0.54982, 0.806841, 0.199278, 0.833814, -0.514824, -0.0223039, 0.79337, 0.00874525)
bone_idx = 18

[node name="BoneAttachment3D7" parent="xbot/RootNode/Skeleton3D" index="6"]
transform = Transform3D(-0.956136, 0.117168, -0.268471, -0.157412, 0.567416, 0.808246, 0.247035, 0.815053, -0.524082, -0.00523912, 0.785173, 0.0187771)
bone_idx = 21

[node name="BoneAttachment3D8" parent="xbot/RootNode/Skeleton3D" index="7"]
transform = Transform3D(-0.955594, 0.134652, -0.262127, -0.141412, 0.570868, 0.808772, 0.258542, 0.809925, -0.526476, 0.0168651, 0.775082, 0.0244464)
bone_idx = 24

[node name="BoneAttachment3D9" parent="xbot/RootNode/Skeleton3D" index="8"]
transform = Transform3D(0.385127, -0.211281, 0.898353, 0.899366, 0.304193, -0.314019, -0.206927, 0.928885, 0.307172, -0.537757, 1.03963, -0.104662)
bone_idx = 31

[node name="BoneAttachment3D10" parent="xbot/RootNode/Skeleton3D" index="9"]
transform = Transform3D(0.385127, -0.211281, 0.898353, 0.899366, 0.304193, -0.314019, -0.206927, 0.928885, 0.307172, -0.526669, 1.02226, -0.0916658)
bone_idx = 34

[node name="BoneAttachment3D11" parent="xbot/RootNode/Skeleton3D" index="10"]
transform = Transform3D(0.385127, -0.211281, 0.898353, 0.899366, 0.304193, -0.314019, -0.206927, 0.928885, 0.307172, -0.513806, 1.00767, -0.0834878)
bone_idx = 37

[node name="BoneAttachment3D12" parent="xbot/RootNode/Skeleton3D" index="11"]
transform = Transform3D(0.385127, -0.211281, 0.898353, 0.899366, 0.304193, -0.314019, -0.206927, 0.928885, 0.307172, -0.49043, 1.00362, -0.0824092)
bone_idx = 40

[node name="BoneAttachment3D13" parent="xbot/RootNode/Skeleton3D" index="12"]
transform = Transform3D(0.385126, -0.211281, 0.898353, 0.899366, 0.304193, -0.314018, -0.206927, 0.928885, 0.307172, -0.418526, 1.04392, -0.127182)
bone_idx = 43

[node name="BoneAttachment3D14" parent="xbot/RootNode/Skeleton3D" index="13"]
transform = Transform3D(0.573113, 0.300566, -0.762366, -0.525524, 0.848626, -0.0604914, 0.628781, 0.43531, 0.644313, 0.211209, 0.0207404, -0.200343)
bone_idx = 47

[node name="BoneAttachment3D15" parent="xbot/RootNode/Skeleton3D" index="14"]
transform = Transform3D(0.991262, 0.128145, -0.0313018, -0.129976, 0.989324, -0.0659153, 0.0225209, 0.0694078, 0.997334, -0.160431, -0.00784156, 0.0874638)
bone_idx = 51

[node name="Text" type="Node3D" parent="."]

[node name="Mixamo" parent="Text" instance=ExtResource( "6_7qcml" )]
transform = Transform3D(1, 0, 0, 0, 1, 0, 0, 0, 1, 4.78627, 2, 0)

[node name="Mixamo2" parent="Text" instance=ExtResource( "6_7qcml" )]
transform = Transform3D(1, 0, 0, 0, 1, 0, 0, 0, 1, 0.948569, 2, 0)

[node name="Animation Retargeting" parent="Text" instance=ExtResource( "1_74755" )]
transform = Transform3D(2, 0, 0, 0, 2, 0, 0, 0, 1, 0.975302, 2.56627, 0)

[node name="VRM" parent="Text" instance=ExtResource( "7_1bhhg" )]
transform = Transform3D(1, 0, 0, 0, 1, 0, 0, 0, 1, -1.04753, 2, 0)

[node name="VRM3" parent="Text" instance=ExtResource( "7_1bhhg" )]
transform = Transform3D(1, 0, 0, 0, 1, 0, 0, 0, 1, -1.0331, 2, -2.37288)

[node name="VRM2" parent="Text" instance=ExtResource( "7_1bhhg" )]
transform = Transform3D(1, 0, 0, 0, 1, 0, 0, 0, 1, 2.97102, 2, 0)

[node name="ANIM_wave_hip_hop_dancegltf" parent="Text" instance=ExtResource( "1_ykigl" )]
transform = Transform3D(1, 0, 0, 0, 1, 0, 0, 0, 1, -3.55048, 2, 0)

[editable path="Animations/wave_hip_hop_dance"]
[editable path="Animations/three-vrm-girl"]
[editable path="Animations/xbotPlaying The Violin2"]
[editable path="three-vrm-girl3"]
[editable path="skelman"]
[editable path="SK_female_doll"]
[editable path="xbot"]
