[gd_scene load_steps=15 format=3 uid="uid://stx0hvxygmed"]

[ext_resource type="PackedScene" uid="uid://d48fy4uvwp3n" path="res://SK_female_doll/female_doll_2022_03_05_03.glb" id="1_3cj5j"]
[ext_resource type="PackedScene" uid="uid://dy3caiksoimde" path="res://text/Animation Retargeting.svg" id="1_74755"]
[ext_resource type="PackedScene" uid="uid://bs5gn273fx8pa" path="res://SK_female_doll/three-vrm-girl.vrm" id="1_lob4k"]
[ext_resource type="PackedScene" uid="uid://bb452kv4mivyt" path="res://text/ANIM_wave_hip_hop_dance.gltf.glb" id="1_ykigl"]
[ext_resource type="PackedScene" uid="uid://obj2fk1kynfy" path="res://SK_female_doll/SK_female_doll.vrm" id="2_j0i1k"]
[ext_resource type="RetargetRichProfile" uid="uid://b2pjclia5lmhq" path="res://profiles/gd_humanoid.tres" id="2_og74m"]
[ext_resource type="RetargetBoneMap" uid="uid://cce134pih6sq6" path="res://models/mixamo_map.tres" id="4_c57ry"]
[ext_resource type="RetargetBoneMap" uid="uid://c0bu03vcbuadc" path="res://models/three_girl_vrm_map.tres" id="4_kr0sw"]
[ext_resource type="RetargetBoneMap" uid="uid://d2wh32fl0op23" path="res://models/female_doll_vrm_map.tres" id="6_1ma83"]
[ext_resource type="PackedScene" uid="uid://bs7esjhiwaba2" path="res://text/Mixamo.svg" id="6_7qcml"]
[ext_resource type="PackedScene" uid="uid://krcnssh1qy20" path="res://ANIM_hip_hop/wave_hip_hop_dance1.glb" id="6_bif58"]
[ext_resource type="RetargetBoneMap" uid="uid://b41gxip8w12xa" path="res://models/female_doll_map.tres" id="6_j7qga"]
[ext_resource type="PackedScene" uid="uid://baftw5t4666kr" path="res://text/VRM.gltf.glb" id="7_1bhhg"]
[ext_resource type="PackedScene" uid="uid://yma6e5nmqpis" path="res://SK_female_doll/xbot.glb" id="7_2t60k"]

[node name="Node3D" type="Node3D"]

[node name="ANIM_wave_hip_hop_dancegltf" parent="." instance=ExtResource( "1_ykigl" )]
transform = Transform3D(1, 0, 0, 0, 1, 0, 0, 0, 1, -3.55048, 2, 0)

[node name="Animation Retargeting" parent="." instance=ExtResource( "1_74755" )]
transform = Transform3D(2, 0, 0, 0, 2, 0, 0, 0, 1, 0.975302, 2.56627, 0)

[node name="Camera3D" type="Camera3D" parent="."]
transform = Transform3D(0.991105, -0.0469287, 0.124535, 0, 0.935765, 0.352625, -0.133084, -0.349488, 0.927441, 2.05973, 2.2165, 3.44805)

[node name="wave_hip_hop_dance1" parent="." instance=ExtResource( "6_bif58" )]
transform = Transform3D(1, 0, 0, 0, 1, 0, 0, 0, 1, -3.32818, 0, 0)

[node name="Skeleton3D" parent="wave_hip_hop_dance1/RootNode/Armature" index="0"]
bones/0/position = Vector3(-0.349905, 0.941857, 0.0123176)
bones/0/rotation = Quaternion(0.0159009, 0.257876, -0.00576763, 0.96603)
bones/1/rotation = Quaternion(0.0652948, 0.0546569, 0.044805, 0.99536)
bones/2/rotation = Quaternion(0.00546998, 0.00848776, -0.0412197, 0.999099)
bones/3/rotation = Quaternion(0.00679865, 0.00754911, -0.0392143, 0.999179)
bones/4/rotation = Quaternion(0.0201788, -0.0256765, 0.0167837, 0.999326)
bones/6/rotation = Quaternion(0.0607873, -0.105233, 0.00918821, 0.992545)
bones/7/rotation = Quaternion(0.00549963, -0.0364631, 0.00532757, 0.999306)
bones/8/rotation = Quaternion(0.263865, -0.328036, -0.483234, 0.767627)
bones/9/rotation = Quaternion(-1.33821e-07, -0.0869606, -2.77122e-07, 0.996212)
bones/10/rotation = Quaternion(0.209379, 0.0142251, -0.00300122, 0.977726)
bones/14/rotation = Quaternion(0.00104712, -0.0195414, -0.0231067, 0.999542)
bones/15/rotation = Quaternion(-5.24832e-08, 0.00107429, -0.0606264, 0.99816)
bones/16/rotation = Quaternion(-8.72825e-08, 0.00118075, -0.0666405, 0.997776)
bones/17/rotation = Quaternion(0.000247642, -0.0202766, 0.0169162, 0.999651)
bones/18/rotation = Quaternion(5.82727e-08, 0.000278298, -0.0157065, 0.999877)
bones/19/rotation = Quaternion(-2.73688e-09, 0.00031804, -0.0179522, 0.999837)
bones/20/rotation = Quaternion(0.00213789, -0.0184851, -0.0777968, 0.996796)
bones/21/rotation = Quaternion(-4.21388e-08, 0.00211047, -0.119112, 0.992879)
bones/22/rotation = Quaternion(-2.58064e-08, 0.00229306, -0.129412, 0.991588)
bones/23/rotation = Quaternion(0.00919047, 0.0183255, -0.154098, 0.987843)
bones/24/rotation = Quaternion(0.00605443, -0.0321185, -0.170489, 0.984817)
bones/25/rotation = Quaternion(1.98606e-08, 0.00323172, -0.182391, 0.983221)
bones/26/rotation = Quaternion(0.0291416, 0.300597, 0.0420285, 0.952379)
bones/27/rotation = Quaternion(0.23089, 0.189986, 0.51385, 0.804085)
bones/28/rotation = Quaternion(-6.45615e-08, 0.370584, 2.15323e-07, 0.928799)
bones/29/rotation = Quaternion(0.12664, -0.012766, -0.430858, 0.893398)
bones/33/rotation = Quaternion(0.000430959, 0.0189408, 2.94968e-05, 0.999821)
bones/34/rotation = Quaternion(5.20481e-08, -0.00266632, 0.0668785, 0.997758)
bones/35/rotation = Quaternion(9.90022e-08, -4.68992e-05, 0.00117488, 0.999999)
bones/36/rotation = Quaternion(0.000989898, 0.0177433, 0.0295414, 0.999406)
bones/37/rotation = Quaternion(1.034e-08, -0.00389059, 0.0975813, 0.99522)
bones/38/rotation = Quaternion(7.45325e-09, -0.0028929, 0.0725599, 0.99736)
bones/39/rotation = Quaternion(0.00163301, 0.0163439, 0.0635168, 0.997846)
bones/40/rotation = Quaternion(-1.20608e-07, -0.00617797, 0.154955, 0.987902)
bones/41/rotation = Quaternion(-9.34218e-09, -0.00525728, 0.131864, 0.991254)
bones/42/rotation = Quaternion(0.00255324, 0.014301, 0.112188, 0.993581)
bones/43/rotation = Quaternion(3.68095e-09, -0.00835991, 0.20968, 0.977734)
bones/44/rotation = Quaternion(-3.12994e-08, -0.00700351, 0.175662, 0.984426)
bones/45/rotation = Quaternion(-0.153635, 0.140012, 0.0908365, 0.973931)
bones/46/rotation = Quaternion(0.173433, 0.0117774, 0.00099123, 0.984775)
bones/47/rotation = Quaternion(-0.0219714, 0.00387873, -0.070359, 0.997272)
bones/48/rotation = Quaternion(-0.00185024, -1.33372e-05, 0.00474941, 0.999987)
bones/49/rotation = Quaternion(0.029603, -0.0467968, -0.0587056, 0.996738)
bones/50/rotation = Quaternion(0.0749397, -0.0631259, -0.0462139, 0.994114)
bones/51/rotation = Quaternion(-0.0971339, -0.00144389, 0.045892, 0.994212)
bones/52/rotation = Quaternion(-0.00576562, -2.14477e-05, 0.0101058, 0.999932)

[node name="BoneAttachment3D" parent="wave_hip_hop_dance1/RootNode/Armature/Skeleton3D" index="0"]
transform = Transform3D(0.912345, 0.195368, 0.359801, -0.0735772, 0.942735, -0.325325, -0.402756, 0.270335, 0.874474, -0.316277, 1.55194, 0.0757802)
bone_idx = 6

[node name="BoneAttachment3D2" parent="wave_hip_hop_dance1/RootNode/Armature/Skeleton3D" index="1"]
transform = Transform3D(0.912345, 0.195368, 0.359801, -0.0735772, 0.942735, -0.325325, -0.402756, 0.270335, 0.874474, -0.316277, 1.55194, 0.0757802)
bone_idx = 6

[node name="BoneAttachment3D3" parent="wave_hip_hop_dance1/RootNode/Armature/Skeleton3D" index="2"]
transform = Transform3D(0.505532, 0.659386, -0.556458, -0.862779, 0.391491, -0.319914, 0.00690171, 0.641828, 0.766816, -0.108273, 0.757984, -0.0528313)
bone_idx = 13

[node name="BoneAttachment3D4" parent="wave_hip_hop_dance1/RootNode/Armature/Skeleton3D" index="3"]
transform = Transform3D(0.505532, 0.659386, -0.556458, -0.862779, 0.391491, -0.319914, 0.00690171, 0.641828, 0.766816, -0.108273, 0.757984, -0.0528313)
bone_idx = 13

[node name="BoneAttachment3D5" parent="wave_hip_hop_dance1/RootNode/Armature/Skeleton3D" index="4"]
transform = Transform3D(-0.0313798, 0.738377, -0.673656, -0.990983, -0.110818, -0.0753031, -0.130255, 0.66522, 0.735197, -0.0424557, 0.684412, -0.0669053)
bone_idx = 16

[node name="BoneAttachment3D6" parent="wave_hip_hop_dance1/RootNode/Armature/Skeleton3D" index="5"]
transform = Transform3D(-0.0313798, 0.738377, -0.673656, -0.990983, -0.110818, -0.0753031, -0.130255, 0.66522, 0.735197, -0.0424557, 0.684412, -0.0669053)
bone_idx = 16

[node name="BoneAttachment3D7" parent="wave_hip_hop_dance1/RootNode/Armature/Skeleton3D" index="6"]
transform = Transform3D(0.161717, 0.720843, -0.673967, -0.985379, 0.155063, -0.0705916, 0.0536222, 0.675529, 0.73538, -0.0510746, 0.689629, -0.0430878)
bone_idx = 19

[node name="BoneAttachment3D8" parent="wave_hip_hop_dance1/RootNode/Armature/Skeleton3D" index="7"]
transform = Transform3D(0.161717, 0.720843, -0.673967, -0.985379, 0.155063, -0.0705916, 0.0536222, 0.675529, 0.73538, -0.0510746, 0.689629, -0.0430878)
bone_idx = 19

[node name="BoneAttachment3D9" parent="wave_hip_hop_dance1/RootNode/Armature/Skeleton3D" index="8"]
transform = Transform3D(-0.280713, 0.682682, -0.674643, -0.891001, -0.446669, -0.0812539, -0.356813, 0.5783, 0.733657, -0.0404416, 0.691407, -0.095972)
bone_idx = 22

[node name="BoneAttachment3D10" parent="wave_hip_hop_dance1/RootNode/Armature/Skeleton3D" index="9"]
transform = Transform3D(-0.280713, 0.682682, -0.674643, -0.891001, -0.446669, -0.0812539, -0.356813, 0.5783, 0.733657, -0.0404416, 0.691407, -0.095972)
bone_idx = 22

[node name="BoneAttachment3D11" parent="wave_hip_hop_dance1/RootNode/Armature/Skeleton3D" index="10"]
transform = Transform3D(-0.501914, 0.538026, -0.677207, -0.671938, -0.735553, -0.0863722, -0.544592, 0.41169, 0.730705, -0.0378894, 0.725335, -0.122344)
bone_idx = 25

[node name="BoneAttachment3D12" parent="wave_hip_hop_dance1/RootNode/Armature/Skeleton3D" index="11"]
transform = Transform3D(-0.501914, 0.538026, -0.677207, -0.671938, -0.735553, -0.0863722, -0.544592, 0.41169, 0.730705, -0.0378894, 0.725335, -0.122344)
bone_idx = 25

[node name="BoneAttachment3D13" parent="wave_hip_hop_dance1/RootNode/Armature/Skeleton3D" index="12"]
transform = Transform3D(-0.312312, -0.0156223, 0.94985, 0.422496, 0.893253, 0.153609, -0.850857, 0.449282, -0.272373, -0.263342, 0.839506, 0.262464)
bone_idx = 32

[node name="BoneAttachment3D14" parent="wave_hip_hop_dance1/RootNode/Armature/Skeleton3D" index="13"]
transform = Transform3D(-0.312312, -0.0156223, 0.94985, 0.422496, 0.893253, 0.153609, -0.850857, 0.449282, -0.272373, -0.263342, 0.839506, 0.262464)
bone_idx = 32

[node name="BoneAttachment3D15" parent="wave_hip_hop_dance1/RootNode/Armature/Skeleton3D" index="14"]
transform = Transform3D(-0.667799, 0.134109, 0.73216, 0.517643, 0.7905, 0.327344, -0.534873, 0.597598, -0.597316, -0.217777, 0.835704, 0.334535)
bone_idx = 35

[node name="BoneAttachment3D16" parent="wave_hip_hop_dance1/RootNode/Armature/Skeleton3D" index="15"]
transform = Transform3D(-0.667799, 0.134109, 0.73216, 0.517643, 0.7905, 0.327344, -0.534873, 0.597598, -0.597316, -0.217777, 0.835704, 0.334535)
bone_idx = 35

[node name="BoneAttachment3D17" parent="wave_hip_hop_dance1/RootNode/Armature/Skeleton3D" index="16"]
transform = Transform3D(-0.602161, 0.302441, 0.738871, 0.709076, 0.6279, 0.320862, -0.366896, 0.717126, -0.592551, -0.230301, 0.818198, 0.348468)
bone_idx = 38

[node name="BoneAttachment3D18" parent="wave_hip_hop_dance1/RootNode/Armature/Skeleton3D" index="17"]
transform = Transform3D(-0.602161, 0.302441, 0.738871, 0.709076, 0.6279, 0.320862, -0.366896, 0.717126, -0.592551, -0.230301, 0.818198, 0.348468)
bone_idx = 38

[node name="BoneAttachment3D19" parent="wave_hip_hop_dance1/RootNode/Armature/Skeleton3D" index="18"]
transform = Transform3D(-0.475663, 0.466985, 0.745431, 0.867886, 0.387154, 0.311263, -0.143242, 0.795006, -0.589445, -0.256101, 0.806915, 0.350693)
bone_idx = 41

[node name="BoneAttachment3D20" parent="wave_hip_hop_dance1/RootNode/Armature/Skeleton3D" index="19"]
transform = Transform3D(-0.475663, 0.466985, 0.745431, 0.867886, 0.387154, 0.311263, -0.143242, 0.795006, -0.589445, -0.256101, 0.806915, 0.350693)
bone_idx = 41

[node name="BoneAttachment3D21" parent="wave_hip_hop_dance1/RootNode/Armature/Skeleton3D" index="20"]
transform = Transform3D(-0.308988, 0.58467, 0.750123, 0.946854, 0.114973, 0.300411, 0.0893976, 0.803082, -0.589124, -0.293168, 0.805813, 0.338619)
bone_idx = 44

[node name="BoneAttachment3D22" parent="wave_hip_hop_dance1/RootNode/Armature/Skeleton3D" index="21"]
transform = Transform3D(-0.308988, 0.58467, 0.750123, 0.946854, 0.114973, 0.300411, 0.0893976, 0.803082, -0.589124, -0.293168, 0.805813, 0.338619)
bone_idx = 44

[node name="BoneAttachment3D23" parent="wave_hip_hop_dance1/RootNode/Armature/Skeleton3D" index="22"]
transform = Transform3D(0.652301, -0.00900146, 0.757907, 0.00949945, 0.999948, 0.00370031, -0.757901, 0.00478604, 0.652352, -0.0714115, 9.76026e-07, -0.00895557)
bone_idx = 48

[node name="BoneAttachment3D24" parent="wave_hip_hop_dance1/RootNode/Armature/Skeleton3D" index="23"]
transform = Transform3D(0.652301, -0.00900146, 0.757907, 0.00949945, 0.999948, 0.00370031, -0.757901, 0.00478604, 0.652352, -0.0714115, 9.76026e-07, -0.00895557)
bone_idx = 48

[node name="BoneAttachment3D25" parent="wave_hip_hop_dance1/RootNode/Armature/Skeleton3D" index="24"]
transform = Transform3D(0.94534, 0.122092, 0.302367, -0.125404, 0.992069, -0.00851343, -0.301008, -0.0298699, 0.953154, -0.612395, 0.00629002, 0.0554292)
bone_idx = 52

[node name="BoneAttachment3D26" parent="wave_hip_hop_dance1/RootNode/Armature/Skeleton3D" index="25"]
transform = Transform3D(0.94534, 0.122092, 0.302367, -0.125404, 0.992069, -0.00851343, -0.301008, -0.0298699, 0.953154, -0.612395, 0.00629002, 0.0554292)
bone_idx = 52

[node name="AnimationPlayer" parent="wave_hip_hop_dance1" index="1"]
autoplay = "Armature|Armature001|mixamocom|Layer0"

[node name="VRM2" parent="." instance=ExtResource( "7_1bhhg" )]
transform = Transform3D(1, 0, 0, 0, 1, 0, 0, 0, 1, 2.97102, 2, 0)

[node name="ThreeVRMRetarget" type="SkeletonRetarget" parent="."]
retarget_profile = ExtResource( "2_og74m" )
source_skeleton = NodePath("../wave_hip_hop_dance1/RootNode/Armature/Skeleton3D")
source_map = ExtResource( "4_c57ry" )
target_skeleton = NodePath("../three-vrm-girl/Root/Skeleton3D")
target_map = ExtResource( "4_kr0sw" )
retarget_position = true

[node name="three-vrm-girl" parent="." instance=ExtResource( "1_lob4k" )]
transform = Transform3D(1, 0, 0, 0, 1, 0, 0, 0, 1, 2.94859, 0, 0)

[node name="Skeleton3D" parent="three-vrm-girl/Root" index="0"]
bones/0/rest = Transform3D(-1, 0, 0, 0, 1, 0, 0, 0, -1, 0.000217693, 0.893992, -0.00574204)
bones/0/rotation = Quaternion(0, 1, 0, 0)

[node name="FemaleDollRetarget" type="SkeletonRetarget" parent="."]
retarget_profile = ExtResource( "2_og74m" )
source_skeleton = NodePath("../wave_hip_hop_dance1/RootNode/Armature/Skeleton3D")
source_map = ExtResource( "4_c57ry" )
target_skeleton = NodePath("../skelman/Armature/Skeleton3D")
target_map = ExtResource( "6_1ma83" )
retarget_position = true

[node name="skelman" parent="." instance=ExtResource( "1_3cj5j" )]
transform = Transform3D(1, 0, 0, 0, 1, 0, 0, 0, 1, -1, 0, 0)

[node name="Skeleton3D" parent="skelman/Armature" index="0"]
bones/0/rotation = Quaternion(0.860365, 5.94293e-05, 5.94292e-05, 0.509679)
bones/1/rotation = Quaternion(0.00186708, -0.870321, -0.492481, 0.0011831)
bones/2/rotation = Quaternion(-0.111732, -0.00217174, -0.00272035, 0.993732)
bones/3/rotation = Quaternion(0.549113, 0.0363004, -0.0110053, 0.834887)
bones/4/rotation = Quaternion(0.270947, -0.0639027, 0.0175605, 0.96031)
bones/6/rotation = Quaternion(0.00126413, 0.870419, 0.492307, 0.00166276)
bones/7/rotation = Quaternion(-0.112157, 0.00219676, 0.00271962, 0.993684)
bones/11/rotation = Quaternion(-0.812217, -0.000152917, -0.000103021, 0.583356)
bones/12/rotation = Quaternion(-0.0726572, -4.53545e-07, 5.41364e-07, 0.997357)
bones/14/rotation = Quaternion(0.54932, -0.445128, 0.546341, 0.449022)
bones/15/rotation = Quaternion(-0.100732, -0.0113494, 0.00453808, 0.994838)
bones/16/rotation = Quaternion(-0.000161413, 0.0106501, -0.00363115, 0.999937)
bones/17/rotation = Quaternion(-0.0206756, 0.0294982, -0.0119449, 0.99928)
bones/18/rotation = Quaternion(0.0201605, 0.0136153, 0.0136765, 0.99961)
bones/19/rotation = Quaternion(-2.30931e-05, 0.000569524, -0.000394217, 1)
bones/20/rotation = Quaternion(3.47423e-05, 0.000533249, -0.00219746, 0.999997)
bones/22/rotation = Quaternion(0.0201482, 0.0127083, 0.0125388, 0.999638)
bones/23/rotation = Quaternion(-4.96559e-06, 1.51281e-05, -0.000742642, 1)
bones/24/rotation = Quaternion(2.63701e-05, 5.26247e-05, -5.87292e-05, 1)
bones/26/rotation = Quaternion(0.0202186, 0.00834452, 0.0134515, 0.99967)
bones/27/rotation = Quaternion(-1.85514e-05, 0.000201349, -0.0014596, 0.999999)
bones/28/rotation = Quaternion(2.93783e-05, -6.50106e-05, 0.000726395, 1)
bones/30/rotation = Quaternion(0.0201499, 0.0117071, 0.0118496, 0.999658)
bones/31/rotation = Quaternion(2.02764e-05, -5.89289e-05, 0.000260917, 1)
bones/32/rotation = Quaternion(-2.14019e-05, -0.000411414, -0.000234631, 1)
bones/34/rotation = Quaternion(0.148057, -0.015769, -0.341154, 0.92814)
bones/35/rotation = Quaternion(0.0118145, -0.00567076, 0.13941, 0.990148)
bones/36/rotation = Quaternion(-0.127639, 0.0133087, 0.0627797, 0.989742)
bones/38/rotation = Quaternion(0.549109, 0.445283, -0.546637, 0.448766)
bones/39/rotation = Quaternion(-0.100767, 0.0112214, -0.00406358, 0.994838)
bones/40/rotation = Quaternion(-0.000159945, -0.0105049, 0.00363371, 0.999938)
bones/41/rotation = Quaternion(-0.0297401, -0.0380015, 0.0131945, 0.998748)
bones/42/rotation = Quaternion(0.0290181, -0.0140035, -0.0154523, 0.999361)
bones/43/rotation = Quaternion(2.37779e-05, 0.00067156, 0.00178154, 0.999998)
bones/44/rotation = Quaternion(-3.04261e-05, -0.000628837, -0.00123341, 0.999999)
bones/46/rotation = Quaternion(0.028987, -0.0158886, -0.0145574, 0.999348)
bones/47/rotation = Quaternion(-1.40369e-05, 3.53159e-05, -0.000221508, 1)
bones/48/rotation = Quaternion(2.01136e-05, 0.00012089, -0.000272515, 1)
bones/50/rotation = Quaternion(0.0290578, -0.00953959, -0.012987, 0.999448)
bones/51/rotation = Quaternion(3.78259e-05, -3.03433e-05, -0.000289006, 1)
bones/52/rotation = Quaternion(-5.18748e-05, -0.000475371, -0.000623927, 1)
bones/54/rotation = Quaternion(0.149524, 0.0206832, 0.323242, 0.9342)
bones/55/rotation = Quaternion(0.0167892, 0.00664716, -0.122057, 0.992359)
bones/56/rotation = Quaternion(-0.130885, -0.0144521, -0.00835736, 0.991257)
bones/58/rotation = Quaternion(0.0288897, -0.0206856, -0.0142948, 0.999266)
bones/59/rotation = Quaternion(3.35788e-05, -3.36991e-05, -0.00016587, 1)
bones/60/rotation = Quaternion(-2.63123e-05, -8.69205e-06, -0.00183114, 0.999998)
bones/62/rotation = Quaternion(0.0570215, 1.24184e-06, 1.07216e-06, 0.998373)
bones/63/rotation = Quaternion(-3.33786e-06, 5.68435e-13, -1.98952e-13, 1)

[node name="Mixamo" parent="." instance=ExtResource( "6_7qcml" )]
transform = Transform3D(1, 0, 0, 0, 1, 0, 0, 0, 1, 4.78627, 2, 0)

[node name="Mixamo2" parent="." instance=ExtResource( "6_7qcml" )]
transform = Transform3D(1, 0, 0, 0, 1, 0, 0, 0, 1, 0.948569, 2, 0)

[node name="VRM" parent="." instance=ExtResource( "7_1bhhg" )]
transform = Transform3D(1, 0, 0, 0, 1, 0, 0, 0, 1, -1.04753, 2, 0)

[node name="SK_female_doll" parent="." instance=ExtResource( "2_j0i1k" )]

[node name="Skeleton3D" parent="SK_female_doll" index="0"]
transform = Transform3D(1, 0, 0, 0, 1, 0, 0, 0, 1, 0.97173, 0, 0)
bones/0/rest = Transform3D(-1, 0, 0, 0, 1, 0, 0, 0, -1, 1.8e-05, 0.955229, 0.00214899)
bones/0/rotation = Quaternion(0, 1, 0, 0)

[node name="MixamoRetarget" type="SkeletonRetarget" parent="."]
retarget_profile = ExtResource( "2_og74m" )
source_skeleton = NodePath("../wave_hip_hop_dance1/RootNode/Armature/Skeleton3D")
source_map = ExtResource( "4_c57ry" )
target_skeleton = NodePath("../SK_female_doll/Skeleton3D")
target_map = ExtResource( "6_j7qga" )
retarget_position = true

[node name="MixamoXbotRetarget" type="SkeletonRetarget" parent="."]
retarget_profile = ExtResource( "2_og74m" )
source_skeleton = NodePath("../wave_hip_hop_dance1/RootNode/Armature/Skeleton3D")
source_map = ExtResource( "4_c57ry" )
target_skeleton = NodePath("../xbot/RootNode/Skeleton3D")
target_map = ExtResource( "6_j7qga" )
retarget_position = true

[node name="xbot" parent="." instance=ExtResource( "7_2t60k" )]
transform = Transform3D(1, 0, 0, 0, 1, 0, 0, 0, 1, 4.80998, 0, 0)

[node name="BoneAttachment3D" parent="xbot/RootNode/Skeleton3D" index="0"]
transform = Transform3D(0.856806, 0.0965983, 0.506509, -0.0707382, 0.995029, -0.0701055, -0.510763, 0.0242373, 0.85938, -0.322385, 1.58936, 0.0739693)
bone_idx = 5

[node name="BoneAttachment3D2" parent="xbot/RootNode/Skeleton3D" index="1"]
transform = Transform3D(0.856806, 0.0965983, 0.506509, -0.0707382, 0.995029, -0.0701055, -0.510763, 0.0242373, 0.85938, -0.322385, 1.58936, 0.0739693)
bone_idx = 5

[node name="BoneAttachment3D3" parent="xbot/RootNode/Skeleton3D" index="2"]
transform = Transform3D(0.856806, 0.0965983, 0.506509, -0.0707382, 0.995029, -0.0701055, -0.510763, 0.0242373, 0.85938, -0.322385, 1.58936, 0.0739693)
bone_idx = 5

[node name="BoneAttachment3D4" parent="xbot/RootNode/Skeleton3D" index="3"]
transform = Transform3D(0.267731, 0.862469, -0.429498, -0.938429, 0.33444, 0.0866073, 0.218337, 0.379866, 0.898906, -0.186711, 0.809527, -0.14863)
bone_idx = 12

[node name="BoneAttachment3D5" parent="xbot/RootNode/Skeleton3D" index="4"]
transform = Transform3D(0.374705, 0.808318, -0.454113, -0.867535, 0.478468, 0.135835, 0.327076, 0.343061, 0.880529, -0.106767, 0.755944, -0.144447)
bone_idx = 15

[node name="BoneAttachment3D6" parent="xbot/RootNode/Skeleton3D" index="5"]
transform = Transform3D(0.369284, 0.811619, -0.452663, -0.871939, 0.471105, 0.133353, 0.321484, 0.345449, 0.881654, -0.0917438, 0.750519, -0.162206)
bone_idx = 18

[node name="BoneAttachment3D7" parent="xbot/RootNode/Skeleton3D" index="6"]
transform = Transform3D(0.370881, 0.810654, -0.453088, -0.870652, 0.473273, 0.134084, 0.32313, 0.344752, 0.881325, -0.0870693, 0.757832, -0.181611)
bone_idx = 21

[node name="BoneAttachment3D8" parent="xbot/RootNode/Skeleton3D" index="7"]
transform = Transform3D(0.384114, 0.802429, -0.456689, -0.859661, 0.491268, 0.140138, 0.336807, 0.338769, 0.87852, -0.0862655, 0.76792, -0.203747)
bone_idx = 24

[node name="BoneAttachment3D9" parent="xbot/RootNode/Skeleton3D" index="8"]
transform = Transform3D(-0.607628, -0.152351, 0.779472, 0.298013, 0.865984, 0.401573, -0.736191, 0.4763, -0.480794, -0.389713, 0.84155, 0.322369)
bone_idx = 31

[node name="BoneAttachment3D10" parent="xbot/RootNode/Skeleton3D" index="9"]
transform = Transform3D(-0.607628, -0.152351, 0.779472, 0.298013, 0.865984, 0.401573, -0.736191, 0.4763, -0.480794, -0.366729, 0.849008, 0.325493)
bone_idx = 34

[node name="BoneAttachment3D11" parent="xbot/RootNode/Skeleton3D" index="10"]
transform = Transform3D(-0.607628, -0.152351, 0.779472, 0.298013, 0.865984, 0.401573, -0.736191, 0.4763, -0.480794, -0.346264, 0.853938, 0.323997)
bone_idx = 37

[node name="BoneAttachment3D12" parent="xbot/RootNode/Skeleton3D" index="11"]
transform = Transform3D(-0.607628, -0.152351, 0.779472, 0.298013, 0.865984, 0.401573, -0.736191, 0.4763, -0.480794, -0.330982, 0.86007, 0.306885)
bone_idx = 40

[node name="BoneAttachment3D13" parent="xbot/RootNode/Skeleton3D" index="12"]
transform = Transform3D(-0.607628, -0.152351, 0.779472, 0.298013, 0.865984, 0.401573, -0.736191, 0.4763, -0.480794, -0.338916, 0.858667, 0.213427)
bone_idx = 43

[node name="BoneAttachment3D14" parent="xbot/RootNode/Skeleton3D" index="13"]
transform = Transform3D(0.941431, -1.04308e-07, 0.337205, 1.58325e-07, 1, -1.49012e-07, -0.337205, 2.23517e-07, 0.941431, -0.12618, 0.00545249, 0.101473)
bone_idx = 47

[node name="BoneAttachment3D15" parent="xbot/RootNode/Skeleton3D" index="14"]
transform = Transform3D(0.710861, 0.0904116, 0.697498, -0.0782639, 0.995713, -0.0493038, -0.698965, -0.0195407, 0.714889, -0.506635, 0.00378437, 0.0433379)
bone_idx = 51

[editable path="wave_hip_hop_dance1"]
[editable path="three-vrm-girl"]
[editable path="skelman"]
[editable path="SK_female_doll"]
[editable path="xbot"]
