[gd_scene load_steps=15 format=3 uid="uid://bk7djqbkngynx"]

[ext_resource type="PackedScene" uid="uid://d48fy4uvwp3n" path="res://05_export_vrm_color_texture/female_doll_2022_03_05_03.glb" id="1_3cj5j"]
[ext_resource type="PackedScene" uid="uid://dy3caiksoimde" path="res://text/Animation Retargeting.svg" id="1_74755"]
[ext_resource type="PackedScene" uid="uid://bs5gn273fx8pa" path="res://05_export_vrm_color_texture/three-vrm-girl.vrm" id="1_lob4k"]
[ext_resource type="PackedScene" uid="uid://obj2fk1kynfy" path="res://05_export_vrm_color_texture/SK_female_doll.vrm" id="2_j0i1k"]
[ext_resource type="RetargetRichProfile" uid="uid://b2pjclia5lmhq" path="res://profiles/gd_humanoid.tres" id="2_og74m"]
[ext_resource type="RetargetBoneMap" uid="uid://cce134pih6sq6" path="res://models/mixamo_map.tres" id="4_c57ry"]
[ext_resource type="RetargetBoneMap" uid="uid://c0bu03vcbuadc" path="res://models/three_girl_vrm_map.tres" id="4_kr0sw"]
[ext_resource type="PackedScene" uid="uid://dkf4ias5bedbr" path="res://text/ANIM_wave_hip_hop_dance.svg" id="4_xyp4j"]
[ext_resource type="RetargetBoneMap" uid="uid://d2wh32fl0op23" path="res://models/female_doll_vrm_map.tres" id="6_1ma83"]
[ext_resource type="PackedScene" uid="uid://bs7esjhiwaba2" path="res://text/Mixamo.svg" id="6_7qcml"]
[ext_resource type="PackedScene" uid="uid://krcnssh1qy20" path="res://05_export_vrm_color_texture/wave_hip_hop_dance1.glb" id="6_bif58"]
[ext_resource type="RetargetBoneMap" uid="uid://b41gxip8w12xa" path="res://models/female_doll_map.tres" id="6_j7qga"]
[ext_resource type="PackedScene" uid="uid://c6sxp1px0a05w" path="res://text/VRM.svg" id="7_1bhhg"]
[ext_resource type="PackedScene" uid="uid://yma6e5nmqpis" path="res://05_export_vrm_color_texture/xbot.glb" id="7_2t60k"]

[node name="Node3D" type="Node3D"]

[node name="Animation Retargeting" parent="." instance=ExtResource( "1_74755" )]
transform = Transform3D(2, 0, 0, 0, 2, 0, 0, 0, 1, 0.975302, 2.56627, 0)

[node name="Camera3D" type="Camera3D" parent="."]
transform = Transform3D(0.991105, -0.0469287, 0.124535, 0, 0.935765, 0.352625, -0.133084, -0.349488, 0.927441, 2.05973, 2.2165, 3.44805)

[node name="ANIM_wave_hip_hop_dance" parent="." instance=ExtResource( "4_xyp4j" )]
transform = Transform3D(1, 0, 0, 0, 1, 0, 0, 0, 1, -3.35, 2, 0)

[node name="wave_hip_hop_dance1" parent="." instance=ExtResource( "6_bif58" )]
transform = Transform3D(1, 0, 0, 0, 1, 0, 0, 0, 1, -3.32818, 0, 0)

[node name="Skeleton3D" parent="wave_hip_hop_dance1/RootNode/Armature" index="0"]
bones/0/position = Vector3(0.0590835, 0.9298, -0.0991789)
bones/0/rotation = Quaternion(-0.0147329, -0.278318, 0.0804479, 0.957001)
bones/1/rotation = Quaternion(0.151312, -0.0780801, -0.0490652, 0.984175)
bones/2/rotation = Quaternion(-0.00206923, -0.00814369, -0.0401988, 0.999156)
bones/3/rotation = Quaternion(-0.00250507, -0.0094789, -0.0398799, 0.999156)
bones/4/rotation = Quaternion(-0.035174, -0.0399512, 0.0606263, 0.99674)
bones/6/rotation = Quaternion(0.0280265, -0.119266, 0.0429216, 0.991538)
bones/7/rotation = Quaternion(0.0062429, -0.0428649, -0.00131173, 0.999061)
bones/8/rotation = Quaternion(0.27927, -0.454753, -0.442362, 0.72078)
bones/9/rotation = Quaternion(-8.35924e-08, -0.290484, -9.17818e-08, 0.95688)
bones/10/rotation = Quaternion(0.214425, -0.0621712, 0.00322367, 0.974754)
bones/14/rotation = Quaternion(0.000569316, -0.0199847, 0.000818674, 0.9998)
bones/15/rotation = Quaternion(6.84444e-07, 0.000405006, -0.0347245, 0.999397)
bones/16/rotation = Quaternion(-3.40466e-08, 0.000681693, -0.038475, 0.999259)
bones/17/rotation = Quaternion(0.000171657, -0.0203446, 0.0207165, 0.999578)
bones/18/rotation = Quaternion(1.29231e-07, 0.000146042, -0.00824276, 0.999966)
bones/19/rotation = Quaternion(7.91467e-09, -9.59696e-05, 0.00541447, 0.999985)
bones/20/rotation = Quaternion(0.00165585, -0.0189594, -0.0536196, 0.99838)
bones/21/rotation = Quaternion(-8.72398e-08, 0.0013957, -0.0787677, 0.996892)
bones/22/rotation = Quaternion(-1.19383e-08, 0.00179363, -0.101225, 0.994862)
bones/23/rotation = Quaternion(0.00857574, 0.0181493, -0.143044, 0.989513)
bones/24/rotation = Quaternion(0.00441104, -0.0331783, -0.124439, 0.991663)
bones/25/rotation = Quaternion(-7.68311e-08, 0.00263675, -0.148815, 0.988861)
bones/26/rotation = Quaternion(0.0182426, 0.178047, 0.0215516, 0.983617)
bones/27/rotation = Quaternion(0.352052, 0.0959257, -0.151344, 0.918669)
bones/28/rotation = Quaternion(-1.28305e-07, 0.433774, -2.44372e-07, 0.901021)
bones/29/rotation = Quaternion(0.109884, 0.242355, 0.184, 0.946221)
bones/33/rotation = Quaternion(0.00277222, 0.0138076, 0.12378, 0.99221)
bones/34/rotation = Quaternion(2.15399e-08, -0.00344437, 0.0863909, 0.996255)
bones/35/rotation = Quaternion(-6.46516e-08, -0.00313912, 0.0787353, 0.996891)
bones/36/rotation = Quaternion(0.00234471, 0.014768, 0.101153, 0.994759)
bones/37/rotation = Quaternion(-4.76142e-08, -0.00507583, 0.127309, 0.99185)
bones/38/rotation = Quaternion(3.48708e-08, -0.00454372, 0.113965, 0.993474)
bones/39/rotation = Quaternion(0.00282448, 0.0136898, 0.126536, 0.991864)
bones/40/rotation = Quaternion(-1.34367e-07, -0.00682349, 0.171145, 0.985222)
bones/41/rotation = Quaternion(8.79106e-08, -0.00672102, 0.168573, 0.985666)
bones/42/rotation = Quaternion(0.00422001, 0.0104773, 0.200479, 0.979633)
bones/43/rotation = Quaternion(-8.20171e-08, -0.00793939, 0.199135, 0.97994)
bones/44/rotation = Quaternion(6.40835e-08, -0.00797943, 0.200139, 0.979735)
bones/45/rotation = Quaternion(0.10373, 0.158076, 0.0146762, 0.981854)
bones/46/rotation = Quaternion(0.0806811, -0.0700441, -0.0291813, 0.993847)
bones/47/rotation = Quaternion(-0.0371872, 0.000934881, -0.240962, 0.969821)
bones/48/rotation = Quaternion(-0.0760913, 0.00167996, 0.0602321, 0.995279)
bones/49/rotation = Quaternion(-0.245193, 0.0406984, -0.0992588, 0.963521)
bones/50/rotation = Quaternion(0.268119, 0.0435637, -0.087575, 0.958408)
bones/51/rotation = Quaternion(-0.0352571, 0.00195319, 0.0255556, 0.99905)
bones/52/rotation = Quaternion(-0.000389279, -3.2339e-09, 5.51357e-05, 1)

[node name="BoneAttachment3D" parent="wave_hip_hop_dance1/RootNode/Armature/Skeleton3D" index="0"]
transform = Transform3D(0.496746, -0.24992, -0.831133, -0.012298, 0.955519, -0.294672, 0.867808, 0.156599, 0.471577, -0.0308301, 1.52848, 0.0137366)
bone_idx = 6

[node name="BoneAttachment3D2" parent="wave_hip_hop_dance1/RootNode/Armature/Skeleton3D" index="1"]
transform = Transform3D(0.496746, -0.24992, -0.831133, -0.012298, 0.955519, -0.294672, 0.867808, 0.156599, 0.471577, -0.0308301, 1.52848, 0.0137366)
bone_idx = 6

[node name="BoneAttachment3D3" parent="wave_hip_hop_dance1/RootNode/Armature/Skeleton3D" index="2"]
transform = Transform3D(-0.615153, -0.454443, -0.644257, -0.773934, 0.503923, 0.383517, 0.15037, 0.734535, -0.661699, -0.103431, 0.813254, 0.00921412)
bone_idx = 13

[node name="BoneAttachment3D4" parent="wave_hip_hop_dance1/RootNode/Armature/Skeleton3D" index="3"]
transform = Transform3D(-0.615153, -0.454443, -0.644257, -0.773934, 0.503923, 0.383517, 0.15037, 0.734535, -0.661699, -0.103431, 0.813254, 0.00921412)
bone_idx = 13

[node name="BoneAttachment3D5" parent="wave_hip_hop_dance1/RootNode/Armature/Skeleton3D" index="4"]
transform = Transform3D(-0.559436, -0.695206, -0.451351, -0.775912, 0.247714, 0.58017, -0.291532, 0.674777, -0.677999, -0.154329, 0.734111, 0.0480289)
bone_idx = 16

[node name="BoneAttachment3D6" parent="wave_hip_hop_dance1/RootNode/Armature/Skeleton3D" index="5"]
transform = Transform3D(-0.559436, -0.695206, -0.451351, -0.775912, 0.247714, 0.58017, -0.291532, 0.674777, -0.677999, -0.154329, 0.734111, 0.0480289)
bone_idx = 16

[node name="BoneAttachment3D7" parent="wave_hip_hop_dance1/RootNode/Armature/Skeleton3D" index="6"]
transform = Transform3D(-0.676444, -0.583308, -0.449636, -0.717199, 0.38289, 0.582253, -0.167472, 0.716341, -0.677353, -0.164468, 0.753352, 0.037561)
bone_idx = 19

[node name="BoneAttachment3D8" parent="wave_hip_hop_dance1/RootNode/Armature/Skeleton3D" index="7"]
transform = Transform3D(-0.676444, -0.583308, -0.449636, -0.717199, 0.38289, 0.582253, -0.167472, 0.716341, -0.677353, -0.164468, 0.753352, 0.037561)
bone_idx = 19

[node name="BoneAttachment3D9" parent="wave_hip_hop_dance1/RootNode/Armature/Skeleton3D" index="8"]
transform = Transform3D(-0.307106, -0.836337, -0.45412, -0.817884, -0.0120261, 0.575256, -0.48657, 0.548082, -0.680334, -0.129321, 0.720186, 0.053739)
bone_idx = 22

[node name="BoneAttachment3D10" parent="wave_hip_hop_dance1/RootNode/Armature/Skeleton3D" index="9"]
transform = Transform3D(-0.307106, -0.836337, -0.45412, -0.817884, -0.0120261, 0.575256, -0.48657, 0.548082, -0.680334, -0.129321, 0.720186, 0.053739)
bone_idx = 22

[node name="BoneAttachment3D11" parent="wave_hip_hop_dance1/RootNode/Armature/Skeleton3D" index="10"]
transform = Transform3D(0.0173889, -0.890282, -0.455075, -0.762396, -0.306273, 0.570042, -0.646877, 0.337035, -0.684073, -0.0880026, 0.72706, 0.0669601)
bone_idx = 25

[node name="BoneAttachment3D12" parent="wave_hip_hop_dance1/RootNode/Armature/Skeleton3D" index="11"]
transform = Transform3D(0.0173889, -0.890282, -0.455075, -0.762396, -0.306273, 0.570042, -0.646877, 0.337035, -0.684073, -0.0880026, 0.72706, 0.0669601)
bone_idx = 25

[node name="BoneAttachment3D13" parent="wave_hip_hop_dance1/RootNode/Armature/Skeleton3D" index="12"]
transform = Transform3D(0.588035, 0.0660407, 0.806134, 0.797328, 0.120187, -0.591458, -0.135947, 0.990552, 0.0180179, -0.611781, 1.12096, -0.0683263)
bone_idx = 32

[node name="BoneAttachment3D14" parent="wave_hip_hop_dance1/RootNode/Armature/Skeleton3D" index="13"]
transform = Transform3D(0.588035, 0.0660407, 0.806134, 0.797328, 0.120187, -0.591458, -0.135947, 0.990552, 0.0180179, -0.611781, 1.12096, -0.0683263)
bone_idx = 32

[node name="BoneAttachment3D15" parent="wave_hip_hop_dance1/RootNode/Armature/Skeleton3D" index="14"]
transform = Transform3D(0.204125, -0.0855691, 0.975197, 0.830416, -0.51239, -0.21878, 0.518403, 0.854478, -0.0335337, -0.637484, 1.05299, -0.052042)
bone_idx = 35

[node name="BoneAttachment3D16" parent="wave_hip_hop_dance1/RootNode/Armature/Skeleton3D" index="15"]
transform = Transform3D(0.204125, -0.0855691, 0.975197, 0.830416, -0.51239, -0.21878, 0.518403, 0.854478, -0.0335337, -0.637484, 1.05299, -0.052042)
bone_idx = 35

[node name="BoneAttachment3D17" parent="wave_hip_hop_dance1/RootNode/Armature/Skeleton3D" index="16"]
transform = Transform3D(0.197932, -0.107211, 0.974334, 0.76967, -0.598522, -0.222214, 0.606985, 0.793899, -0.0359492, -0.661506, 1.05007, -0.0519473)
bone_idx = 38

[node name="BoneAttachment3D18" parent="wave_hip_hop_dance1/RootNode/Armature/Skeleton3D" index="17"]
transform = Transform3D(0.197932, -0.107211, 0.974334, 0.76967, -0.598522, -0.222214, 0.606985, 0.793899, -0.0359492, -0.661506, 1.05007, -0.0519473)
bone_idx = 38

[node name="BoneAttachment3D19" parent="wave_hip_hop_dance1/RootNode/Armature/Skeleton3D" index="18"]
transform = Transform3D(0.174841, -0.154076, 0.972466, 0.595343, -0.770129, -0.229056, 0.784217, 0.618999, -0.0429226, -0.682577, 1.06636, -0.0575373)
bone_idx = 41

[node name="BoneAttachment3D20" parent="wave_hip_hop_dance1/RootNode/Armature/Skeleton3D" index="19"]
transform = Transform3D(0.174841, -0.154076, 0.972466, 0.595343, -0.770129, -0.229056, 0.784217, 0.618999, -0.0429226, -0.682577, 1.06636, -0.0575373)
bone_idx = 41

[node name="BoneAttachment3D21" parent="wave_hip_hop_dance1/RootNode/Armature/Skeleton3D" index="20"]
transform = Transform3D(0.137555, -0.196696, 0.970767, 0.364814, -0.901123, -0.234278, 0.920863, 0.386375, -0.0521968, -0.695927, 1.10266, -0.064901)
bone_idx = 44

[node name="BoneAttachment3D22" parent="wave_hip_hop_dance1/RootNode/Armature/Skeleton3D" index="21"]
transform = Transform3D(0.137555, -0.196696, 0.970767, 0.364814, -0.901123, -0.234278, 0.920863, 0.386375, -0.0521968, -0.695927, 1.10266, -0.064901)
bone_idx = 44

[node name="BoneAttachment3D23" parent="wave_hip_hop_dance1/RootNode/Armature/Skeleton3D" index="22"]
transform = Transform3D(0.949228, 0.174337, -0.261864, -0.212865, 0.968845, -0.1266, 0.231634, 0.175914, 0.956765, 0.291583, 0.0199877, -0.188825)
bone_idx = 48

[node name="BoneAttachment3D24" parent="wave_hip_hop_dance1/RootNode/Armature/Skeleton3D" index="23"]
transform = Transform3D(0.949228, 0.174337, -0.261864, -0.212865, 0.968845, -0.1266, 0.231634, 0.175914, 0.956765, 0.291583, 0.0199877, -0.188825)
bone_idx = 48

[node name="BoneAttachment3D25" parent="wave_hip_hop_dance1/RootNode/Armature/Skeleton3D" index="24"]
transform = Transform3D(0.870449, 0.166172, -0.463363, -0.186721, 0.982411, 0.00155039, 0.45547, 0.08517, 0.886168, -0.248707, 0.0061601, -0.0160124)
bone_idx = 52

[node name="BoneAttachment3D26" parent="wave_hip_hop_dance1/RootNode/Armature/Skeleton3D" index="25"]
transform = Transform3D(0.870449, 0.166172, -0.463363, -0.186721, 0.982411, 0.00155039, 0.45547, 0.08517, 0.886168, -0.248707, 0.0061601, -0.0160124)
bone_idx = 52

[node name="AnimationPlayer" parent="wave_hip_hop_dance1" index="1"]
autoplay = "Armature|Armature001|mixamocom|Layer0"

[node name="VRM2" parent="." instance=ExtResource( "7_1bhhg" )]
transform = Transform3D(1, 0, 0, 0, 1, 0, 0, 0, 1, 2.97102, 2, 0)

[node name="ThreeVRMRetarget" type="SkeletonRetarget" parent="."]
retarget_profile = ExtResource( "2_og74m" )
source_skeleton = NodePath("../wave_hip_hop_dance1/RootNode/Armature/Skeleton3D")
source_map = ExtResource( "4_c57ry" )
target_skeleton = NodePath("../three-vrm-girl/Root/Skeleton3D")
target_map = ExtResource( "4_kr0sw" )
retarget_position = true

[node name="three-vrm-girl" parent="." instance=ExtResource( "1_lob4k" )]
transform = Transform3D(1, 0, 0, 0, 1, 0, 0, 0, 1, 3.08553, 0, 0)
update_in_editor = true

[node name="Skeleton3D" parent="three-vrm-girl/Root" index="0"]
bones/0/rest = Transform3D(-1, 0, 0, 0, 1, 0, 0, 0, -1, 0.000217693, 0.893992, -0.00574204)
bones/0/rotation = Quaternion(0, 1, 0, 0)

[node name="FemaleDollRetarget" type="SkeletonRetarget" parent="."]
retarget_profile = ExtResource( "2_og74m" )
source_skeleton = NodePath("../wave_hip_hop_dance1/RootNode/Armature/Skeleton3D")
source_map = ExtResource( "4_c57ry" )
target_skeleton = NodePath("../skelman/Armature/Skeleton3D")
target_map = ExtResource( "6_1ma83" )
retarget_position = true

[node name="skelman" parent="." instance=ExtResource( "1_3cj5j" )]
transform = Transform3D(1, 0, 0, 0, 1, 0, 0, 0, 1, -1, 0, 0)

[node name="Skeleton3D" parent="skelman/Armature" index="0"]
bones/0/rotation = Quaternion(0.860365, 5.94293e-05, 5.94292e-05, 0.509679)
bones/1/rotation = Quaternion(0.00186708, -0.870321, -0.492481, 0.0011831)
bones/2/rotation = Quaternion(-0.111732, -0.00217174, -0.00272035, 0.993732)
bones/3/rotation = Quaternion(0.549113, 0.0363004, -0.0110053, 0.834887)
bones/4/rotation = Quaternion(0.270947, -0.0639027, 0.0175605, 0.96031)
bones/6/rotation = Quaternion(0.00126413, 0.870419, 0.492307, 0.00166276)
bones/7/rotation = Quaternion(-0.112157, 0.00219676, 0.00271962, 0.993684)
bones/11/rotation = Quaternion(-0.812217, -0.000152917, -0.000103021, 0.583356)
bones/12/rotation = Quaternion(-0.0726572, -4.53545e-07, 5.41364e-07, 0.997357)
bones/14/rotation = Quaternion(0.54932, -0.445128, 0.546341, 0.449022)
bones/15/rotation = Quaternion(-0.100732, -0.0113494, 0.00453808, 0.994838)
bones/16/rotation = Quaternion(-0.000161413, 0.0106501, -0.00363115, 0.999937)
bones/17/rotation = Quaternion(-0.0206756, 0.0294982, -0.0119449, 0.99928)
bones/18/rotation = Quaternion(0.0201605, 0.0136153, 0.0136765, 0.99961)
bones/19/rotation = Quaternion(-2.30931e-05, 0.000569524, -0.000394217, 1)
bones/20/rotation = Quaternion(3.47423e-05, 0.000533249, -0.00219746, 0.999997)
bones/22/rotation = Quaternion(0.0201482, 0.0127083, 0.0125388, 0.999638)
bones/23/rotation = Quaternion(-4.96559e-06, 1.51281e-05, -0.000742642, 1)
bones/24/rotation = Quaternion(2.63701e-05, 5.26247e-05, -5.87292e-05, 1)
bones/26/rotation = Quaternion(0.0202186, 0.00834452, 0.0134515, 0.99967)
bones/27/rotation = Quaternion(-1.85514e-05, 0.000201349, -0.0014596, 0.999999)
bones/28/rotation = Quaternion(2.93783e-05, -6.50106e-05, 0.000726395, 1)
bones/30/rotation = Quaternion(0.0201499, 0.0117071, 0.0118496, 0.999658)
bones/31/rotation = Quaternion(2.02764e-05, -5.89289e-05, 0.000260917, 1)
bones/32/rotation = Quaternion(-2.14019e-05, -0.000411414, -0.000234631, 1)
bones/34/rotation = Quaternion(0.148057, -0.015769, -0.341154, 0.92814)
bones/35/rotation = Quaternion(0.0118145, -0.00567076, 0.13941, 0.990148)
bones/36/rotation = Quaternion(-0.127639, 0.0133087, 0.0627797, 0.989742)
bones/38/rotation = Quaternion(0.549109, 0.445283, -0.546637, 0.448766)
bones/39/rotation = Quaternion(-0.100767, 0.0112214, -0.00406358, 0.994838)
bones/40/rotation = Quaternion(-0.000159945, -0.0105049, 0.00363371, 0.999938)
bones/41/rotation = Quaternion(-0.0297401, -0.0380015, 0.0131945, 0.998748)
bones/42/rotation = Quaternion(0.0290181, -0.0140035, -0.0154523, 0.999361)
bones/43/rotation = Quaternion(2.37779e-05, 0.00067156, 0.00178154, 0.999998)
bones/44/rotation = Quaternion(-3.04261e-05, -0.000628837, -0.00123341, 0.999999)
bones/46/rotation = Quaternion(0.028987, -0.0158886, -0.0145574, 0.999348)
bones/47/rotation = Quaternion(-1.40369e-05, 3.53159e-05, -0.000221508, 1)
bones/48/rotation = Quaternion(2.01136e-05, 0.00012089, -0.000272515, 1)
bones/50/rotation = Quaternion(0.0290578, -0.00953959, -0.012987, 0.999448)
bones/51/rotation = Quaternion(3.78259e-05, -3.03433e-05, -0.000289006, 1)
bones/52/rotation = Quaternion(-5.18748e-05, -0.000475371, -0.000623927, 1)
bones/54/rotation = Quaternion(0.149524, 0.0206832, 0.323242, 0.9342)
bones/55/rotation = Quaternion(0.0167892, 0.00664716, -0.122057, 0.992359)
bones/56/rotation = Quaternion(-0.130885, -0.0144521, -0.00835736, 0.991257)
bones/58/rotation = Quaternion(0.0288897, -0.0206856, -0.0142948, 0.999266)
bones/59/rotation = Quaternion(3.35788e-05, -3.36991e-05, -0.00016587, 1)
bones/60/rotation = Quaternion(-2.63123e-05, -8.69205e-06, -0.00183114, 0.999998)
bones/62/rotation = Quaternion(0.0570215, 1.24184e-06, 1.07216e-06, 0.998373)
bones/63/rotation = Quaternion(-3.33786e-06, 5.68435e-13, -1.98952e-13, 1)

[node name="Mixamo" parent="." instance=ExtResource( "6_7qcml" )]
transform = Transform3D(1, 0, 0, 0, 1, 0, 0, 0, 1, 4.78627, 2, 0)

[node name="Mixamo2" parent="." instance=ExtResource( "6_7qcml" )]
transform = Transform3D(1, 0, 0, 0, 1, 0, 0, 0, 1, 0.948569, 2, 0)

[node name="VRM" parent="." instance=ExtResource( "7_1bhhg" )]
transform = Transform3D(1, 0, 0, 0, 1, 0, 0, 0, 1, -1.04753, 2, 0)

[node name="SK_female_doll" parent="." instance=ExtResource( "2_j0i1k" )]

[node name="Skeleton3D" parent="SK_female_doll" index="0"]
transform = Transform3D(1, 0, 0, 0, 1, 0, 0, 0, 1, 0.97173, 0, 0)
bones/0/rest = Transform3D(-1, 0, 0, 0, 1, 0, 0, 0, -1, 1.8e-05, 0.955229, 0.00214899)
bones/0/rotation = Quaternion(0, 1, 0, 0)

[node name="MixamoRetarget" type="SkeletonRetarget" parent="."]
retarget_profile = ExtResource( "2_og74m" )
source_skeleton = NodePath("../wave_hip_hop_dance1/RootNode/Armature/Skeleton3D")
source_map = ExtResource( "4_c57ry" )
target_skeleton = NodePath("../SK_female_doll/Skeleton3D")
target_map = ExtResource( "6_j7qga" )
retarget_position = true

[node name="MixamoXbotRetarget" type="SkeletonRetarget" parent="."]
retarget_profile = ExtResource( "2_og74m" )
source_skeleton = NodePath("../wave_hip_hop_dance1/RootNode/Armature/Skeleton3D")
source_map = ExtResource( "4_c57ry" )
target_skeleton = NodePath("../xbot/RootNode/Skeleton3D")
target_map = ExtResource( "6_j7qga" )
retarget_position = true

[node name="xbot" parent="." instance=ExtResource( "7_2t60k" )]
transform = Transform3D(1, 0, 0, 0, 1, 0, 0, 0, 1, 4.80998, 0, 0)

[node name="BoneAttachment3D" parent="xbot/RootNode/Skeleton3D" index="0"]
transform = Transform3D(0.598298, -0.0156874, -0.801121, -0.0139248, 0.999454, -0.0299705, 0.801153, 0.0290868, 0.597752, -0.0127698, 1.5683, 0.000871724)
bone_idx = 5

[node name="BoneAttachment3D2" parent="xbot/RootNode/Skeleton3D" index="1"]
transform = Transform3D(0.598298, -0.0156874, -0.801121, -0.0139248, 0.999454, -0.0299705, 0.801153, 0.0290868, 0.597752, -0.0127698, 1.5683, 0.000871724)
bone_idx = 5

[node name="BoneAttachment3D3" parent="xbot/RootNode/Skeleton3D" index="2"]
transform = Transform3D(0.598298, -0.0156874, -0.801121, -0.0139248, 0.999454, -0.0299705, 0.801153, 0.0290868, 0.597752, -0.0127698, 1.5683, 0.000871724)
bone_idx = 5

[node name="BoneAttachment3D4" parent="xbot/RootNode/Skeleton3D" index="3"]
transform = Transform3D(-0.764502, -0.330598, -0.553391, -0.635883, 0.245889, 0.731568, -0.105782, 0.911177, -0.398204, 0.0215335, 0.83977, -0.0558181)
bone_idx = 12

[node name="BoneAttachment3D5" parent="xbot/RootNode/Skeleton3D" index="4"]
transform = Transform3D(-0.845818, -0.190044, -0.498473, -0.532499, 0.357171, 0.767382, 0.0322031, 0.914502, -0.4033, -0.0322263, 0.781317, -0.000860498)
bone_idx = 15

[node name="BoneAttachment3D6" parent="xbot/RootNode/Skeleton3D" index="5"]
transform = Transform3D(-0.867841, -0.136572, -0.477702, -0.490202, 0.392019, 0.778475, 0.08095, 0.909764, -0.407158, -0.0263918, 0.764557, 0.0144239)
bone_idx = 18

[node name="BoneAttachment3D7" parent="xbot/RootNode/Skeleton3D" index="6"]
transform = Transform3D(-0.876706, -0.110631, -0.468132, -0.469574, 0.407938, 0.782999, 0.104345, 0.906283, -0.409591, -0.0082834, 0.757251, 0.0225916)
bone_idx = 21

[node name="BoneAttachment3D8" parent="xbot/RootNode/Skeleton3D" index="7"]
transform = Transform3D(-0.878793, -0.104188, -0.46569, -0.464343, 0.41172, 0.784138, 0.110036, 0.905335, -0.410196, 0.0154092, 0.749754, 0.0263354)
bone_idx = 24

[node name="BoneAttachment3D9" parent="xbot/RootNode/Skeleton3D" index="8"]
transform = Transform3D(0.283617, -0.0438109, 0.957937, 0.940213, 0.209152, -0.268805, -0.188577, 0.976902, 0.100511, -0.673781, 1.18205, -0.0796981)
bone_idx = 31

[node name="BoneAttachment3D10" parent="xbot/RootNode/Skeleton3D" index="9"]
transform = Transform3D(0.283617, -0.0438109, 0.957937, 0.940213, 0.209152, -0.268805, -0.188577, 0.976902, 0.100511, -0.659366, 1.16455, -0.0707569)
bone_idx = 34

[node name="BoneAttachment3D11" parent="xbot/RootNode/Skeleton3D" index="10"]
transform = Transform3D(0.283617, -0.0438109, 0.957937, 0.940213, 0.209152, -0.268805, -0.188577, 0.976902, 0.100511, -0.644317, 1.15036, -0.0665931)
bone_idx = 37

[node name="BoneAttachment3D12" parent="xbot/RootNode/Skeleton3D" index="11"]
transform = Transform3D(0.283617, -0.0438109, 0.957937, 0.940213, 0.209152, -0.268805, -0.188577, 0.976902, 0.100511, -0.620982, 1.14803, -0.0703393)
bone_idx = 40

[node name="BoneAttachment3D13" parent="xbot/RootNode/Skeleton3D" index="12"]
transform = Transform3D(0.283617, -0.0438109, 0.957937, 0.940213, 0.209151, -0.268804, -0.188577, 0.976902, 0.100511, -0.561689, 1.19729, -0.123798)
bone_idx = 43

[node name="BoneAttachment3D14" parent="xbot/RootNode/Skeleton3D" index="13"]
transform = Transform3D(0.656025, 0.244903, -0.713901, -0.417167, 0.905928, -0.0725692, 0.62897, 0.345423, 0.696477, 0.197452, 0.0295826, -0.197863)
bone_idx = 47

[node name="BoneAttachment3D15" parent="xbot/RootNode/Skeleton3D" index="14"]
transform = Transform3D(0.990414, 0.136798, -0.0191558, -0.137797, 0.988118, -0.0680788, 0.00961516, 0.0700658, 0.997496, -0.152456, -0.0120298, 0.0926461)
bone_idx = 51

[editable path="wave_hip_hop_dance1"]
[editable path="three-vrm-girl"]
[editable path="skelman"]
[editable path="SK_female_doll"]
[editable path="xbot"]
