[gd_scene load_steps=19 format=3 uid="uid://cn3etaaux58m"]

[ext_resource type="PackedScene" uid="uid://d48fy4uvwp3n" path="res://art/SK_female_doll/female_doll_2022_03_05_03.glb" id="1_3cj5j"]
[ext_resource type="PackedScene" uid="uid://b8hrdk0ys06qq" path="res://ANIM_hip_hop/wave_hip_hop_dance.tscn" id="1_3opiw"]
[ext_resource type="PackedScene" uid="uid://dy3caiksoimde" path="res://text/Animation Retargeting.svg" id="1_74755"]
[ext_resource type="PackedScene" uid="uid://bb452kv4mivyt" path="res://text/ANIM_wave_hip_hop_dance.gltf.glb" id="1_ykigl"]
[ext_resource type="PackedScene" uid="uid://c3y4lao76hnq1" path="res://ANIM_play_violin/xbotPlaying The Violin2.tscn" id="2_1gu8y"]
[ext_resource type="PackedScene" path="res://art/SK_female_doll/SK_female_doll.vrm" id="2_j0i1k"]
[ext_resource type="RetargetBoneMap" uid="uid://be7mocsvdcbr0" path="res://models/violin_vrm_map.tres" id="2_mk8hq"]
[ext_resource type="RetargetRichProfile" uid="uid://b2pjclia5lmhq" path="res://profiles/gd_humanoid.tres" id="2_og74m"]
[ext_resource type="RetargetBoneMap" uid="uid://cce134pih6sq6" path="res://models/mixamo_map.tres" id="4_c57ry"]
[ext_resource type="RetargetBoneMap" uid="uid://c0bu03vcbuadc" path="res://models/three_girl_vrm_map.tres" id="4_kr0sw"]
[ext_resource type="PackedScene" uid="uid://bs7esjhiwaba2" path="res://text/Mixamo.svg" id="6_7qcml"]
[ext_resource type="RetargetBoneMap" uid="uid://b41gxip8w12xa" path="res://models/female_doll_map.tres" id="6_j7qga"]
[ext_resource type="PackedScene" path="res://art/SK_three_girl/three-vrm-girl.vrm" id="6_sj4ok"]
[ext_resource type="PackedScene" uid="uid://baftw5t4666kr" path="res://text/VRM.gltf.glb" id="7_1bhhg"]
[ext_resource type="PackedScene" uid="uid://yma6e5nmqpis" path="res://art/xbox/xbot.glb" id="7_2t60k"]

[sub_resource type="ProceduralSkyMaterial" id="ProceduralSkyMaterial_880m6"]
sky_horizon_color = Color(0.64625, 0.65575, 0.67075, 1)
ground_horizon_color = Color(0.64625, 0.65575, 0.67075, 1)

[sub_resource type="Sky" id="Sky_px0re"]
sky_material = SubResource( "ProceduralSkyMaterial_880m6" )

[sub_resource type="Environment" id="Environment_g3xgb"]
background_mode = 2
sky = SubResource( "Sky_px0re" )
tonemap_mode = 2
sdfgi_enabled = true
sdfgi_use_occlusion = true
sdfgi_cascades = 1
sdfgi_min_cell_size = 31.25
sdfgi_cascade0_distance = 2000.0
sdfgi_max_distance = 4000.0
sdfgi_y_scale = 0
glow_enabled = true

[node name="Node3D" type="Node3D"]

[node name="DirectionalLight3D" type="DirectionalLight3D" parent="."]
transform = Transform3D(-0.866023, -0.433016, 0.250001, 0, 0.499998, 0.866027, -0.500003, 0.749999, -0.43301, 0, 0, 0)
shadow_enabled = true
directional_shadow_max_distance = 250.0

[node name="WorldEnvironment" type="WorldEnvironment" parent="."]
environment = SubResource( "Environment_g3xgb" )

[node name="Animations" type="Node3D" parent="."]

[node name="wave_hip_hop_dance" parent="Animations" instance=ExtResource( "1_3opiw" )]

[node name="Skeleton3D" parent="Animations/wave_hip_hop_dance/RootNode/Armature" index="0"]
bones/0/position = Vector3(-0.345685, 0.923777, 0.0378136)
bones/0/rotation = Quaternion(-0.0492752, -0.0544058, -0.013419, 0.997212)
bones/1/rotation = Quaternion(0.0895079, 0.00773152, 0.0491054, 0.994745)
bones/2/rotation = Quaternion(0.0122481, 0.00268782, -0.0412252, 0.999071)
bones/3/rotation = Quaternion(0.0123373, 0.0018117, -0.0413394, 0.999067)
bones/4/rotation = Quaternion(0.0393663, -0.0137819, 0.0332897, 0.998575)
bones/6/rotation = Quaternion(0.104984, -0.0128167, -0.0136355, 0.994298)
bones/7/rotation = Quaternion(0.00195817, 0.00538989, 0.00556472, 0.999967)
bones/8/rotation = Quaternion(0.259366, -0.244013, -0.501604, 0.788404)
bones/9/rotation = Quaternion(-4.03766e-07, -0.100481, -2.52918e-07, 0.994939)
bones/10/rotation = Quaternion(0.166568, 0.0193097, 0.0290974, 0.985412)
bones/14/rotation = Quaternion(0.00080981, -0.0197678, -0.0112286, 0.999741)
bones/15/rotation = Quaternion(-2.83106e-08, 0.000919691, -0.0519044, 0.998652)
bones/16/rotation = Quaternion(-9.74827e-08, 0.00106906, -0.0603324, 0.998178)
bones/17/rotation = Quaternion(-4.02224e-05, -0.0205416, 0.0313335, 0.999298)
bones/18/rotation = Quaternion(-3.29634e-07, 9.21538e-05, -0.00519963, 0.999987)
bones/19/rotation = Quaternion(-2.49106e-07, 0.000182152, -0.010275, 0.999947)
bones/20/rotation = Quaternion(0.0018708, -0.0187414, -0.0643728, 0.997748)
bones/21/rotation = Quaternion(-1.23325e-07, 0.00196394, -0.110839, 0.993836)
bones/22/rotation = Quaternion(6.8154e-08, 0.00216919, -0.122419, 0.992476)
bones/23/rotation = Quaternion(0.00794969, 0.0179661, -0.131788, 0.991083)
bones/24/rotation = Quaternion(0.00564983, -0.0324062, -0.159252, 0.98669)
bones/25/rotation = Quaternion(3.75174e-08, 0.00308646, -0.174195, 0.984706)
bones/26/rotation = Quaternion(0.0168284, 0.161095, 0.0218901, 0.986553)
bones/27/rotation = Quaternion(-0.0569339, -0.0771143, 0.580319, 0.808729)
bones/28/rotation = Quaternion(6.13448e-08, 0.227433, -3.43254e-08, 0.973794)
bones/29/rotation = Quaternion(0.0982189, -0.0350192, -0.0930726, 0.990184)
bones/33/rotation = Quaternion(0.00145558, 0.0167322, 0.0541415, 0.998392)
bones/34/rotation = Quaternion(5.16112e-08, -0.00348589, 0.0874326, 0.996164)
bones/35/rotation = Quaternion(-1.55357e-08, -0.00116565, 0.029237, 0.999572)
bones/36/rotation = Quaternion(0.00157275, 0.0164759, 0.0603345, 0.998041)
bones/37/rotation = Quaternion(-1.3131e-08, -0.0047866, 0.120057, 0.992755)
bones/38/rotation = Quaternion(-4.11022e-09, -0.00331014, 0.0830229, 0.996542)
bones/39/rotation = Quaternion(0.00212654, 0.0152543, 0.0896108, 0.995858)
bones/40/rotation = Quaternion(-1.86627e-07, -0.00653206, 0.163835, 0.986466)
bones/41/rotation = Quaternion(5.0148e-08, -0.00563506, 0.141337, 0.989945)
bones/42/rotation = Quaternion(0.0031325, 0.0129904, 0.142851, 0.989654)
bones/43/rotation = Quaternion(1.77399e-09, -0.00862331, 0.216289, 0.97629)
bones/44/rotation = Quaternion(-3.88041e-08, -0.0073648, 0.184721, 0.982763)
bones/45/rotation = Quaternion(-0.0215, 0.220021, 0.155905, 0.962716)
bones/46/rotation = Quaternion(0.253942, 0.0806702, -0.00997556, 0.963798)
bones/47/rotation = Quaternion(-0.123424, 0.127008, -0.126325, 0.976052)
bones/48/rotation = Quaternion(-0.000661131, -4.74288e-06, 0.00169264, 0.999998)
bones/49/rotation = Quaternion(-0.215147, -0.235925, -0.14892, 0.935881)
bones/50/rotation = Quaternion(0.474554, 0.0244106, 0.0935649, 0.874899)
bones/51/rotation = Quaternion(0.0623426, 0.00142911, -0.0457217, 0.997006)
bones/52/rotation = Quaternion(-0.0876035, 0.000231366, 0.00488951, 0.996143)

[node name="AnimationPlayer" parent="Animations/wave_hip_hop_dance" index="1"]
autoplay = "Armature|Armature|mixamocom|Layer0001"

[node name="three-vrm-girl" parent="Animations" instance=ExtResource( "6_sj4ok" )]
transform = Transform3D(1, 0, 0, 0, 1, 0, 0, 0, 1, -1.048, 0, -2.557)
update_in_editor = true

[node name="Skeleton3D" parent="Animations/three-vrm-girl/Root" index="0"]
bones/0/rest = Transform3D(-1, 0, 0, 0, 1, 0, 0, 0, -1, 0.000217693, 0.893992, -0.00574204)
bones/0/rotation = Quaternion(0, 1, 0, 0)

[node name="xbotPlaying The Violin2" parent="Animations" instance=ExtResource( "2_1gu8y" )]

[node name="Skeleton3D" parent="Animations/xbotPlaying The Violin2/RootNode" index="0"]
bones/0/position = Vector3(0.00709746, 1.03565, 0.0256244)
bones/0/rotation = Quaternion(-0.0447407, -0.119789, -0.00312222, 0.991786)
bones/1/rotation = Quaternion(0.0631588, -0.0574538, 0.00715063, 0.996323)
bones/2/rotation = Quaternion(0.012038, -0.0157539, 0.00279914, 0.999799)
bones/3/rotation = Quaternion(0.0120946, -0.0155847, 0.00298276, 0.9998)
bones/4/rotation = Quaternion(-0.0291255, 0.0288872, -0.0077448, 0.999128)
bones/5/rotation = Quaternion(-0.00753365, 0.314678, -0.152684, 0.936807)
bones/6/rotation = Quaternion(0.00892064, -0.0539044, -0.062789, 0.99653)
bones/7/rotation = Quaternion(-0.325975, 0.00229639, -0.449442, 0.831707)
bones/8/rotation = Quaternion(-9.12821e-07, -0.517307, -1.56023e-06, 0.855799)
bones/9/rotation = Quaternion(-0.796463, -0.168886, -0.275008, 0.511366)
bones/10/rotation = Quaternion(0.190954, -0.00973352, -0.0909472, 0.977328)
bones/11/rotation = Quaternion(0.126132, -0.0107178, 0.114275, 0.985351)
bones/12/rotation = Quaternion(-0.121818, -0.197902, 0.0818649, 0.969172)
bones/13/rotation = Quaternion(0.0046685, 0.0212171, -0.357697, 0.933585)
bones/14/rotation = Quaternion(-3.14517e-09, 0.0676059, -0.662667, 0.745856)
bones/15/rotation = Quaternion(1.99373e-08, 0.0611918, -0.599797, 0.797809)
bones/16/rotation = Quaternion(-0.00517306, 0.0374049, -0.219881, 0.974796)
bones/17/rotation = Quaternion(-1.22072e-07, 0.0516178, -0.505953, 0.861015)
bones/18/rotation = Quaternion(3.09091e-08, 0.0522532, -0.512181, 0.857287)
bones/19/rotation = Quaternion(-0.00190497, 0.0283434, -0.104499, 0.994119)
bones/20/rotation = Quaternion(-9.24126e-08, 0.0584452, -0.572875, 0.817556)
bones/21/rotation = Quaternion(-2.85907e-08, 0.0559639, -0.548554, 0.83424)
bones/22/rotation = Quaternion(-0.0126345, 0.0477302, -0.109443, 0.992766)
bones/23/rotation = Quaternion(-8.77536e-08, 0.048372, -0.47414, 0.87912)
bones/24/rotation = Quaternion(-5.62051e-08, 0.0476175, -0.466742, 0.883111)
bones/25/rotation = Quaternion(0.018304, 0.132319, 0.147315, 0.980028)
bones/26/rotation = Quaternion(-0.119259, 0.243316, 0.288447, 0.918353)
bones/27/rotation = Quaternion(1.2457e-07, 0.629386, -2.10389e-07, 0.777093)
bones/28/rotation = Quaternion(0.230882, 0.344033, 0.0331111, 0.909527)
bones/29/rotation = Quaternion(-0.0128934, -0.0694026, 0.598195, 0.798235)
bones/30/rotation = Quaternion(7.48171e-06, -0.0432306, 0.533895, 0.844445)
bones/31/rotation = Quaternion(5.16149e-08, -0.0427019, 0.527222, 0.848654)
bones/32/rotation = Quaternion(-0.0129271, -0.0546431, 0.521062, 0.85167)
bones/33/rotation = Quaternion(3.16415e-08, -0.0425252, 0.525039, 0.850015)
bones/34/rotation = Quaternion(6.91635e-08, -0.0406712, 0.502149, 0.863824)
bones/35/rotation = Quaternion(-0.0107086, -0.0449677, 0.409622, 0.911083)
bones/36/rotation = Quaternion(1.90706e-08, -0.0474138, 0.585396, 0.80936)
bones/37/rotation = Quaternion(1.0377e-05, -0.0479897, 0.592333, 0.804263)
bones/38/rotation = Quaternion(0.00480667, -0.00922365, 0.299921, 0.953907)
bones/39/rotation = Quaternion(4.43663e-08, -0.0397662, 0.490977, 0.870265)
bones/40/rotation = Quaternion(-2.31564e-08, -0.0338877, 0.418397, 0.907632)
bones/41/rotation = Quaternion(0.0352202, -0.0474773, 0.0181667, 0.998086)
bones/42/rotation = Quaternion(0.135657, -0.0129201, -0.110211, 0.984522)
bones/43/rotation = Quaternion(-0.194409, 0.178088, -0.0828071, 0.961058)
bones/44/rotation = Quaternion(-0.0232716, 0.0746536, 0.0544508, 0.99545)
bones/45/rotation = Quaternion(0.076412, 0.0858236, 0.0152587, 0.993259)
bones/46/rotation = Quaternion(0.0145454, 0.0736726, -0.0542628, 0.995699)
bones/47/rotation = Quaternion(-0.00557074, -4.04459e-07, -8.38221e-05, 0.999985)
bones/48/rotation = Quaternion(-0.00813331, -0.121821, -0.0365718, 0.991845)
bones/49/rotation = Quaternion(0.10779, 0.00102369, 0.0147297, 0.994064)
bones/50/rotation = Quaternion(-0.052219, 0.00921245, 0.00673915, 0.998571)
bones/51/rotation = Quaternion(-0.0379572, -6.35895e-08, 6.50847e-10, 0.99928)

[node name="ViolinVRMGirlRetarget" type="SkeletonRetarget" parent="."]
retarget_profile = ExtResource( "2_og74m" )
source_skeleton = NodePath("../Animations/xbotPlaying The Violin2/RootNode/Skeleton3D")
source_map = ExtResource( "2_mk8hq" )
target_skeleton = NodePath("../Animations/three-vrm-girl/Root/Skeleton3D")
target_map = ExtResource( "4_kr0sw" )
retarget_position = true
retarget_scale = true

[node name="Camera3D" type="Camera3D" parent="."]
transform = Transform3D(0.991105, -0.0469287, 0.124535, 0, 0.935765, 0.352625, -0.133084, -0.349488, 0.927441, 2.05973, 2.2165, 3.44805)

[node name="ThreeVRMRetarget" type="SkeletonRetarget" parent="."]
retarget_profile = ExtResource( "2_og74m" )
source_skeleton = NodePath("../Animations/wave_hip_hop_dance/RootNode/Armature/Skeleton3D")
source_map = ExtResource( "4_c57ry" )
target_skeleton = NodePath("../three-vrm-girl3/Root/Skeleton3D")
target_map = ExtResource( "4_kr0sw" )
retarget_position = true

[node name="three-vrm-girl3" parent="." instance=ExtResource( "6_sj4ok" )]
transform = Transform3D(1, 0, 0, 0, 1, 0, 0, 0, 1, 2.94859, 0, 0)
vrm_skeleton = NodePath("")
vrm_animplayer = NodePath("")
vrm_secondary = NodePath("")
update_in_editor = true

[node name="Skeleton3D" parent="three-vrm-girl3/Root" index="0"]
bones/0/rest = Transform3D(-1, 0, 0, 0, 1, 0, 0, 0, -1, 0.000217693, 0.893992, -0.00574204)
bones/0/rotation = Quaternion(0, 1, 0, 0)

[node name="FemaleDollRetarget" type="SkeletonRetarget" parent="."]
retarget_profile = ExtResource( "2_og74m" )
source_skeleton = NodePath("../Animations/wave_hip_hop_dance/RootNode/Armature/Skeleton3D")
source_map = ExtResource( "4_c57ry" )
target_skeleton = NodePath("../skelman/Armature/Skeleton3D")
target_map = ExtResource( "2_mk8hq" )
retarget_position = true

[node name="skelman" parent="." instance=ExtResource( "1_3cj5j" )]
transform = Transform3D(1, 0, 0, 0, 1, 0, 0, 0, 1, -1, 0, 0)

[node name="Skeleton3D" parent="skelman/Armature" index="0"]
bones/0/rotation = Quaternion(0.860365, 5.94293e-05, 5.94292e-05, 0.509679)
bones/1/rotation = Quaternion(0.00186708, -0.870321, -0.492481, 0.0011831)
bones/2/rotation = Quaternion(-0.111732, -0.00217174, -0.00272035, 0.993732)
bones/3/rotation = Quaternion(0.549113, 0.0363004, -0.0110053, 0.834887)
bones/4/rotation = Quaternion(0.270947, -0.0639027, 0.0175605, 0.96031)
bones/6/rotation = Quaternion(0.00126413, 0.870419, 0.492307, 0.00166276)
bones/7/rotation = Quaternion(-0.112157, 0.00219676, 0.00271962, 0.993684)
bones/11/rotation = Quaternion(-0.812217, -0.000152917, -0.000103021, 0.583356)
bones/12/rotation = Quaternion(-0.0726572, -4.53545e-07, 5.41364e-07, 0.997357)
bones/14/rotation = Quaternion(0.54932, -0.445128, 0.546341, 0.449022)
bones/15/rotation = Quaternion(-0.100732, -0.0113494, 0.00453808, 0.994838)
bones/16/rotation = Quaternion(-0.000161413, 0.0106501, -0.00363115, 0.999937)
bones/17/rotation = Quaternion(-0.0206756, 0.0294982, -0.0119449, 0.99928)
bones/18/rotation = Quaternion(0.0201605, 0.0136153, 0.0136765, 0.99961)
bones/19/rotation = Quaternion(-2.30931e-05, 0.000569524, -0.000394217, 1)
bones/20/rotation = Quaternion(3.47423e-05, 0.000533249, -0.00219746, 0.999997)
bones/22/rotation = Quaternion(0.0201482, 0.0127083, 0.0125388, 0.999638)
bones/23/rotation = Quaternion(-4.96559e-06, 1.51281e-05, -0.000742642, 1)
bones/24/rotation = Quaternion(2.63701e-05, 5.26247e-05, -5.87292e-05, 1)
bones/26/rotation = Quaternion(0.0202186, 0.00834452, 0.0134515, 0.99967)
bones/27/rotation = Quaternion(-1.85514e-05, 0.000201349, -0.0014596, 0.999999)
bones/28/rotation = Quaternion(2.93783e-05, -6.50106e-05, 0.000726395, 1)
bones/30/rotation = Quaternion(0.0201499, 0.0117071, 0.0118496, 0.999658)
bones/31/rotation = Quaternion(2.02764e-05, -5.89289e-05, 0.000260917, 1)
bones/32/rotation = Quaternion(-2.14019e-05, -0.000411414, -0.000234631, 1)
bones/34/rotation = Quaternion(0.148057, -0.015769, -0.341154, 0.92814)
bones/35/rotation = Quaternion(0.0118145, -0.00567076, 0.13941, 0.990148)
bones/36/rotation = Quaternion(-0.127639, 0.0133087, 0.0627797, 0.989742)
bones/38/rotation = Quaternion(0.549109, 0.445283, -0.546637, 0.448766)
bones/39/rotation = Quaternion(-0.100767, 0.0112214, -0.00406358, 0.994838)
bones/40/rotation = Quaternion(-0.000159945, -0.0105049, 0.00363371, 0.999938)
bones/41/rotation = Quaternion(-0.0297401, -0.0380015, 0.0131945, 0.998748)
bones/42/rotation = Quaternion(0.0290181, -0.0140035, -0.0154523, 0.999361)
bones/43/rotation = Quaternion(2.37779e-05, 0.00067156, 0.00178154, 0.999998)
bones/44/rotation = Quaternion(-3.04261e-05, -0.000628837, -0.00123341, 0.999999)
bones/46/rotation = Quaternion(0.028987, -0.0158886, -0.0145574, 0.999348)
bones/47/rotation = Quaternion(-1.40369e-05, 3.53159e-05, -0.000221508, 1)
bones/48/rotation = Quaternion(2.01136e-05, 0.00012089, -0.000272515, 1)
bones/50/rotation = Quaternion(0.0290578, -0.00953959, -0.012987, 0.999448)
bones/51/rotation = Quaternion(3.78259e-05, -3.03433e-05, -0.000289006, 1)
bones/52/rotation = Quaternion(-5.18748e-05, -0.000475371, -0.000623927, 1)
bones/54/rotation = Quaternion(0.149524, 0.0206832, 0.323242, 0.9342)
bones/55/rotation = Quaternion(0.0167892, 0.00664716, -0.122057, 0.992359)
bones/56/rotation = Quaternion(-0.130885, -0.0144521, -0.00835736, 0.991257)
bones/58/rotation = Quaternion(0.0288897, -0.0206856, -0.0142948, 0.999266)
bones/59/rotation = Quaternion(3.35788e-05, -3.36991e-05, -0.00016587, 1)
bones/60/rotation = Quaternion(-2.63123e-05, -8.69205e-06, -0.00183114, 0.999998)
bones/62/rotation = Quaternion(0.0570215, 1.24184e-06, 1.07216e-06, 0.998373)
bones/63/rotation = Quaternion(-3.33786e-06, 5.68435e-13, -1.98952e-13, 1)

[node name="SK_female_doll" parent="." instance=ExtResource( "2_j0i1k" )]

[node name="Skeleton3D" parent="SK_female_doll" index="0"]
transform = Transform3D(1, 0, 0, 0, 1, 0, 0, 0, 1, 0.97173, 0, 0)
bones/0/rest = Transform3D(-1, 0, 0, 0, 1, 0, 0, 0, -1, 1.8e-05, 0.955229, 0.00214899)
bones/0/rotation = Quaternion(0, 1, 0, 0)

[node name="MixamoRetarget" type="SkeletonRetarget" parent="."]
retarget_profile = ExtResource( "2_og74m" )
source_skeleton = NodePath("../Animations/wave_hip_hop_dance/RootNode/Armature/Skeleton3D")
source_map = ExtResource( "4_c57ry" )
target_skeleton = NodePath("../SK_female_doll/Skeleton3D")
target_map = ExtResource( "6_j7qga" )
retarget_position = true

[node name="MixamoXbotRetarget" type="SkeletonRetarget" parent="."]
retarget_profile = ExtResource( "2_og74m" )
source_skeleton = NodePath("../Animations/wave_hip_hop_dance/RootNode/Armature/Skeleton3D")
source_map = ExtResource( "4_c57ry" )
target_skeleton = NodePath("../xbot/RootNode/Skeleton3D")
target_map = ExtResource( "6_j7qga" )
retarget_position = true

[node name="xbot" parent="." instance=ExtResource( "7_2t60k" )]
transform = Transform3D(1, 0, 0, 0, 1, 0, 0, 0, 1, 4.80998, 0, 0)

[node name="BoneAttachment3D" parent="xbot/RootNode/Skeleton3D" index="0"]
transform = Transform3D(0.998911, 0.0459813, -0.00788197, -0.0466433, 0.987623, -0.149754, 0.000898512, 0.149959, 0.988692, -0.340738, 1.57225, 0.0674102)
bone_idx = 5

[node name="BoneAttachment3D2" parent="xbot/RootNode/Skeleton3D" index="1"]
transform = Transform3D(0.998911, 0.0459813, -0.00788197, -0.0466433, 0.987623, -0.149754, 0.000898512, 0.149959, 0.988692, -0.340738, 1.57225, 0.0674102)
bone_idx = 5

[node name="BoneAttachment3D3" parent="xbot/RootNode/Skeleton3D" index="2"]
transform = Transform3D(0.998911, 0.0459813, -0.00788197, -0.0466433, 0.987623, -0.149754, 0.000898512, 0.149959, 0.988692, -0.340738, 1.57225, 0.0674102)
bone_idx = 5

[node name="BoneAttachment3D4" parent="xbot/RootNode/Skeleton3D" index="3"]
transform = Transform3D(0.197421, 0.598697, -0.776264, -0.912237, 0.40214, 0.0781503, 0.358956, 0.692708, 0.625545, -0.0760003, 0.792426, -0.0306012)
bone_idx = 12

[node name="BoneAttachment3D5" parent="xbot/RootNode/Skeleton3D" index="4"]
transform = Transform3D(0.256038, 0.544616, -0.798648, -0.80307, 0.579717, 0.137866, 0.538074, 0.606071, 0.585794, -0.00219393, 0.745964, 0.0118711)
bone_idx = 15

[node name="BoneAttachment3D6" parent="xbot/RootNode/Skeleton3D" index="5"]
transform = Transform3D(0.251811, 0.549407, -0.796708, -0.813344, 0.566275, 0.133433, 0.524465, 0.614397, 0.589451, 0.0191453, 0.740919, 0.00217495)
bone_idx = 18

[node name="BoneAttachment3D7" parent="xbot/RootNode/Skeleton3D" index="6"]
transform = Transform3D(0.25304, 0.548048, -0.797255, -0.810462, 0.570102, 0.134667, 0.528321, 0.612068, 0.58843, 0.0312813, 0.748097, -0.013728)
bone_idx = 21

[node name="BoneAttachment3D8" parent="xbot/RootNode/Skeleton3D" index="7"]
transform = Transform3D(0.263899, 0.535241, -0.802418, -0.782649, 0.605052, 0.146194, 0.563754, 0.589431, 0.578579, 0.0411609, 0.75823, -0.0331853)
bone_idx = 24

[node name="BoneAttachment3D9" parent="xbot/RootNode/Skeleton3D" index="8"]
transform = Transform3D(0.615793, -0.755155, 0.224811, 0.746393, 0.650493, 0.140561, -0.252383, 0.0812404, 0.964211, -0.758386, 0.789989, -0.0101482)
bone_idx = 31

[node name="BoneAttachment3D10" parent="xbot/RootNode/Skeleton3D" index="9"]
transform = Transform3D(0.615793, -0.755155, 0.224811, 0.746393, 0.650493, 0.140561, -0.252383, 0.0812404, 0.964211, -0.766027, 0.785127, 0.0124715)
bone_idx = 34

[node name="BoneAttachment3D11" parent="xbot/RootNode/Skeleton3D" index="10"]
transform = Transform3D(0.615793, -0.755155, 0.224811, 0.746393, 0.650493, 0.140561, -0.252383, 0.0812404, 0.964211, -0.76824, 0.780672, 0.0329797)
bone_idx = 37

[node name="BoneAttachment3D12" parent="xbot/RootNode/Skeleton3D" index="11"]
transform = Transform3D(0.615793, -0.755155, 0.224811, 0.746393, 0.650493, 0.140561, -0.252383, 0.0812404, 0.964211, -0.756091, 0.784322, 0.0530558)
bone_idx = 40

[node name="BoneAttachment3D13" parent="xbot/RootNode/Skeleton3D" index="12"]
transform = Transform3D(0.615793, -0.755155, 0.224811, 0.746393, 0.650493, 0.140562, -0.252384, 0.0812402, 0.964211, -0.668807, 0.81537, 0.0677825)
bone_idx = 43

[node name="BoneAttachment3D14" parent="xbot/RootNode/Skeleton3D" index="13"]
transform = Transform3D(0.949766, -0.000915527, 0.31296, 0.000341244, 0.999998, 0.0018899, -0.312961, -0.0016882, 0.949765, -0.127312, -0.0159568, 0.0627265)
bone_idx = 47

[node name="BoneAttachment3D15" parent="xbot/RootNode/Skeleton3D" index="14"]
transform = Transform3D(0.980682, -0.181438, -0.0730982, 0.151127, 0.940035, -0.305769, 0.124193, 0.288815, 0.949296, -0.444634, -0.00339414, 0.166864)
bone_idx = 51

[node name="Text" type="Node3D" parent="."]

[node name="Mixamo" parent="Text" instance=ExtResource( "6_7qcml" )]
transform = Transform3D(1, 0, 0, 0, 1, 0, 0, 0, 1, 4.78627, 2, 0)

[node name="Mixamo2" parent="Text" instance=ExtResource( "6_7qcml" )]
transform = Transform3D(1, 0, 0, 0, 1, 0, 0, 0, 1, 0.948569, 2, 0)

[node name="Animation Retargeting" parent="Text" instance=ExtResource( "1_74755" )]
transform = Transform3D(2, 0, 0, 0, 2, 0, 0, 0, 1, 0.975302, 2.56627, 0)

[node name="VRM" parent="Text" instance=ExtResource( "7_1bhhg" )]
transform = Transform3D(1, 0, 0, 0, 1, 0, 0, 0, 1, -1.04753, 2, 0)

[node name="VRM3" parent="Text" instance=ExtResource( "7_1bhhg" )]
transform = Transform3D(1, 0, 0, 0, 1, 0, 0, 0, 1, -1.0331, 2, -2.37288)

[node name="VRM2" parent="Text" instance=ExtResource( "7_1bhhg" )]
transform = Transform3D(1, 0, 0, 0, 1, 0, 0, 0, 1, 2.97102, 2, 0)

[node name="ANIM_wave_hip_hop_dancegltf" parent="Text" instance=ExtResource( "1_ykigl" )]
transform = Transform3D(1, 0, 0, 0, 1, 0, 0, 0, 1, -3.55048, 2, 0)

[editable path="Animations/wave_hip_hop_dance"]
[editable path="Animations/three-vrm-girl"]
[editable path="Animations/xbotPlaying The Violin2"]
[editable path="three-vrm-girl3"]
[editable path="skelman"]
[editable path="SK_female_doll"]
[editable path="xbot"]
